1	1	1
1	2	0.634804
1	3	0.841217
1	4	0.794083
1	5	0.455159
1	6	0.819762
1	7	0.177416
1	8	0.129121
1	9	0.375451
1	10	0.970484
1	11	0.760021
1	12	0.0620032
1	13	0.647593
1	14	0.766451
1	15	0.957686
1	16	0.853062
1	17	0.948599
1	18	0.103508
1	19	0.886364
1	20	0.785157
1	21	0.717425
1	22	0.769751
1	23	0.871286
1	24	0.532368
1	25	0.581835
1	26	0.476106
1	27	0.481065
1	28	0.445077
1	29	0.553136
1	30	0.578852
1	31	0.409602
1	32	0.543504
1	33	0.762658
1	34	0.465618
1	35	0.703159
1	36	0.652703
1	37	0.96247
1	38	0.555776
1	39	0.467914
1	40	0.221791
1	41	0.859387
1	42	0.69833
1	43	0.515858
1	44	0.94884
1	45	0.778763
1	46	0.53967
1	47	0.925915
1	48	0.413133
1	49	0.482083
1	50	0.490405
1	51	0.0800099
1	52	0.440113
1	53	0.877835
1	54	0.931229
1	55	0.558884
1	56	0.604412
1	57	0.589047
1	58	0.0705114
1	59	0.152528
1	60	0.926323
1	61	0.464082
1	62	0.488546
1	63	0.96456
1	64	0.245396
1	65	0.576148
1	66	0.301405
1	67	0.813099
1	68	0.789758
1	69	0.385435
1	70	0.501961
1	71	0.381211
1	72	0.677627
1	73	0.523444
1	74	0.607533
1	75	0.978557
1	76	0.355688
1	77	0.697219
1	78	0.769694
1	79	0.587259
1	80	0.495378
1	81	0.525589
1	82	0.631545
1	83	0.657964
1	84	0.956935
1	85	0.713829
1	86	0.947877
1	87	0.431588
1	88	0.181217
1	89	0.940644
1	90	0.614911
1	91	0.584077
1	92	0.896156
1	93	0.634702
1	94	0.577746
1	95	0.629935
1	96	0.549894
1	97	0.37964
1	98	0.526927
1	99	0.888997
1	100	0.29913
2	1	0.634804
2	2	1
2	3	0.594465
2	4	0.551303
2	5	0.418185
2	6	0.668038
2	7	0.172825
2	8	0.0426265
2	9	0.264339
2	10	0.63625
2	11	0.534867
2	12	0.0186147
2	13	0.998208
2	14	0.582044
2	15	0.630476
2	16	0.609153
2	17	0.647869
2	18	0.0511086
2	19	0.607408
2	20	0.571321
2	21	0.554152
2	22	0.563928
2	23	0.60534
2	24	0.503773
2	25	0.450134
2	26	0.379504
2	27	0.461601
2	28	0.421195
2	29	0.543674
2	30	0.53062
2	31	0.384227
2	32	0.543417
2	33	0.599595
2	34	0.442681
2	35	0.54263
2	36	0.534724
2	37	0.6329
2	38	0.555758
2	39	0.375576
2	40	0.203315
2	41	0.594167
2	42	0.57063
2	43	0.48724
2	44	0.627507
2	45	0.569584
2	46	0.522379
2	47	0.606198
2	48	0.313414
2	49	0.43979
2	50	0.457345
2	51	0.0285214
2	52	0.405582
2	53	0.587315
2	54	0.6758
2	55	0.504272
2	56	0.367948
2	57	0.485592
2	58	0.0664314
2	59	0.0913719
2	60	0.596436
2	61	0.344589
2	62	0.413933
2	63	0.631911
2	64	0.225867
2	65	0.502568
2	66	0.164886
2	67	0.583284
2	68	0.586408
2	69	0.400224
2	70	0.487363
2	71	0.344297
2	72	0.542248
2	73	0.505725
2	74	0.560588
2	75	0.637091
2	76	0.309718
2	77	0.574185
2	78	0.590692
2	79	0.51152
2	80	0.500944
2	81	0.500156
2	82	0.682128
2	83	0.571657
2	84	0.65648
2	85	0.506128
2	86	0.642991
2	87	0.431552
2	88	0.170273
2	89	0.67955
2	90	0.529705
2	91	0.711901
2	92	0.617128
2	93	0.568233
2	94	0.551107
2	95	0.533332
2	96	0.539059
2	97	0.343599
2	98	0.582722
2	99	0.608709
2	100	0.279469
3	1	0.841217
3	2	0.594465
3	3	1
3	4	0.747561
3	5	0.58265
3	6	0.764206
3	7	0.319371
3	8	0.310928
3	9	0.517638
3	10	0.829607
3	11	0.767248
3	12	0.212622
3	13	0.594081
3	14	0.758829
3	15	0.865203
3	16	0.829835
3	17	0.821163
3	18	0.294577
3	19	0.808561
3	20	0.785046
3	21	0.718855
3	22	0.760536
3	23	0.776118
3	24	0.587781
3	25	0.642516
3	26	0.605507
3	27	0.614461
3	28	0.594992
3	29	0.667485
3	30	0.719627
3	31	0.650191
3	32	0.601276
3	33	0.780309
3	34	0.564592
3	35	0.727242
3	36	0.708684
3	37	0.828989
3	38	0.619663
3	39	0.538003
3	40	0.285232
3	41	0.77818
3	42	0.747472
3	43	0.51457
3	44	0.834564
3	45	0.791621
3	46	0.542084
3	47	0.834102
3	48	0.530876
3	49	0.656738
3	50	0.580326
3	51	0.218041
3	52	0.560329
3	53	0.833268
3	54	0.836193
3	55	0.630266
3	56	0.651665
3	57	0.667637
3	58	0.296068
3	59	0.229929
3	60	0.831722
3	61	0.627303
3	62	0.514138
3	63	0.854282
3	64	0.308308
3	65	0.669516
3	66	0.416017
3	67	0.742773
3	68	0.803945
3	69	0.498837
3	70	0.516844
3	71	0.572896
3	72	0.68587
3	73	0.640526
3	74	0.721064
3	75	0.850932
3	76	0.506315
3	77	0.717985
3	78	0.766029
3	79	0.732281
3	80	0.588841
3	81	0.600974
3	82	0.704238
3	83	0.740507
3	84	0.879845
3	85	0.753324
3	86	0.851109
3	87	0.530681
3	88	0.351021
3	89	0.864206
3	90	0.702627
3	91	0.600445
3	92	0.847414
3	93	0.773434
3	94	0.665628
3	95	0.655458
3	96	0.670689
3	97	0.460552
3	98	0.66528
3	99	0.822242
3	100	0.428725
4	1	0.794083
4	2	0.551303
4	3	0.747561
4	4	1
4	5	0.5254
4	6	0.747004
4	7	0.462342
4	8	0.382715
4	9	0.553486
4	10	0.783277
4	11	0.75436
4	12	0.289592
4	13	0.555453
4	14	0.712771
4	15	0.806042
4	16	0.828431
4	17	0.799473
4	18	0.390152
4	19	0.805593
4	20	0.728782
4	21	0.683188
4	22	0.779286
4	23	0.799709
4	24	0.591233
4	25	0.713373
4	26	0.638848
4	27	0.654262
4	28	0.668817
4	29	0.70477
4	30	0.638849
4	31	0.604216
4	32	0.672678
4	33	0.718376
4	34	0.535621
4	35	0.786575
4	36	0.670196
4	37	0.797044
4	38	0.609021
4	39	0.594766
4	40	0.38357
4	41	0.726638
4	42	0.684957
4	43	0.517305
4	44	0.782416
4	45	0.750066
4	46	0.520331
4	47	0.800021
4	48	0.650931
4	49	0.662921
4	50	0.566881
4	51	0.283787
4	52	0.534575
4	53	0.812476
4	54	0.850831
4	55	0.623076
4	56	0.726985
4	57	0.744384
4	58	0.327995
4	59	0.378538
4	60	0.824114
4	61	0.621242
4	62	0.575047
4	63	0.805391
4	64	0.421986
4	65	0.656748
4	66	0.483322
4	67	0.744216
4	68	0.665517
4	69	0.574169
4	70	0.526849
4	71	0.561496
4	72	0.714308
4	73	0.508098
4	74	0.677216
4	75	0.795194
4	76	0.596363
4	77	0.744968
4	78	0.700914
4	79	0.693093
4	80	0.588368
4	81	0.550238
4	82	0.641369
4	83	0.713634
4	84	0.78428
4	85	0.794623
4	86	0.772992
4	87	0.656608
4	88	0.438884
4	89	0.82295
4	90	0.615506
4	91	0.588913
4	92	0.797697
4	93	0.671596
4	94	0.677643
4	95	0.575832
4	96	0.658251
4	97	0.548304
4	98	0.57946
4	99	0.842909
4	100	0.461069
5	1	0.455159
5	2	0.418185
5	3	0.58265
5	4	0.5254
5	5	1
5	6	0.476628
5	7	0.50057
5	8	0.40054
5	9	0.543843
5	10	0.454296
5	11	0.565481
5	12	0.411216
5	13	0.406247
5	14	0.45674
5	15	0.457435
5	16	0.503438
5	17	0.473938
5	18	0.520707
5	19	0.526362
5	20	0.515636
5	21	0.490363
5	22	0.556845
5	23	0.451078
5	24	0.502142
5	25	0.601869
5	26	0.617316
5	27	0.557972
5	28	0.574871
5	29	0.495098
5	30	0.550493
5	31	0.580684
5	32	0.552869
5	33	0.463817
5	34	0.935217
5	35	0.443341
5	36	0.533782
5	37	0.445758
5	38	0.640119
5	39	0.529753
5	40	0.440292
5	41	0.465104
5	42	0.519012
5	43	0.470892
5	44	0.484598
5	45	0.472589
5	46	0.461267
5	47	0.503599
5	48	0.558598
5	49	0.567902
5	50	0.924919
5	51	0.371322
5	52	0.951797
5	53	0.597062
5	54	0.460391
5	55	0.510394
5	56	0.545152
5	57	0.56003
5	58	0.394823
5	59	0.390829
5	60	0.51001
5	61	0.572103
5	62	0.513867
5	63	0.492138
5	64	0.489302
5	65	0.584647
5	66	0.625259
5	67	0.470917
5	68	0.537679
5	69	0.576266
5	70	0.498197
5	71	0.55379
5	72	0.629891
5	73	0.432862
5	74	0.508306
5	75	0.422749
5	76	0.550497
5	77	0.521919
5	78	0.466743
5	79	0.495023
5	80	0.480192
5	81	0.550624
5	82	0.569166
5	83	0.587326
5	84	0.45014
5	85	0.567914
5	86	0.439559
5	87	0.586021
5	88	0.428863
5	89	0.478203
5	90	0.504607
5	91	0.454244
5	92	0.581035
5	93	0.595488
5	94	0.519551
5	95	0.426286
5	96	0.550133
5	97	0.535102
5	98	0.519179
5	99	0.460318
5	100	0.914737
6	1	0.819762
6	2	0.668038
6	3	0.764206
6	4	0.747004
6	5	0.476628
6	6	1
6	7	0.368886
6	8	0.2632
6	9	0.471091
6	10	0.785333
6	11	0.678607
6	12	0.241677
6	13	0.67503
6	14	0.746657
6	15	0.81841
6	16	0.807024
6	17	0.824086
6	18	0.210245
6	19	0.820827
6	20	0.804126
6	21	0.807262
6	22	0.781002
6	23	0.813694
6	24	0.601526
6	25	0.648475
6	26	0.572921
6	27	0.619396
6	28	0.588689
6	29	0.681834
6	30	0.699034
6	31	0.536272
6	32	0.708244
6	33	0.798873
6	34	0.483569
6	35	0.706144
6	36	0.638921
6	37	0.799539
6	38	0.643836
6	39	0.49734
6	40	0.268929
6	41	0.763768
6	42	0.724697
6	43	0.602919
6	44	0.828824
6	45	0.757523
6	46	0.646819
6	47	0.782614
6	48	0.457143
6	49	0.644672
6	50	0.492211
6	51	0.15238
6	52	0.455608
6	53	0.808412
6	54	0.813104
6	55	0.659866
6	56	0.550814
6	57	0.621795
6	58	0.214288
6	59	0.172331
6	60	0.785025
6	61	0.549583
6	62	0.472324
6	63	0.831508
6	64	0.250295
6	65	0.67189
6	66	0.313728
6	67	0.756264
6	68	0.797535
6	69	0.518478
6	70	0.601809
6	71	0.529458
6	72	0.674596
6	73	0.581069
6	74	0.699435
6	75	0.801133
6	76	0.533165
6	77	0.779913
6	78	0.750034
6	79	0.681584
6	80	0.501359
6	81	0.662184
6	82	0.747182
6	83	0.812085
6	84	0.806879
6	85	0.725769
6	86	0.860941
6	87	0.564743
6	88	0.276749
6	89	0.793651
6	90	0.684728
6	91	0.68859
6	92	0.794013
6	93	0.672914
6	94	0.763163
6	95	0.63668
6	96	0.6486
6	97	0.503456
6	98	0.635772
6	99	0.838453
6	100	0.341566
7	1	0.177416
7	2	0.172825
7	3	0.319371
7	4	0.462342
7	5	0.50057
7	6	0.368886
7	7	1
7	8	0.598302
7	9	0.671711
7	10	0.178405
7	11	0.404664
7	12	0.726899
7	13	0.166988
7	14	0.233733
7	15	0.249473
7	16	0.474282
7	17	0.201443
7	18	0.610073
7	19	0.346244
7	20	0.328174
7	21	0.306316
7	22	0.440754
7	23	0.266822
7	24	0.340165
7	25	0.625784
7	26	0.695894
7	27	0.560829
7	28	0.579287
7	29	0.340954
7	30	0.413845
7	31	0.607417
7	32	0.49299
7	33	0.323145
7	34	0.479857
7	35	0.303082
7	36	0.360028
7	37	0.19708
7	38	0.364916
7	39	0.567597
7	40	0.495639
7	41	0.223215
7	42	0.252487
7	43	0.263522
7	44	0.223341
7	45	0.248441
7	46	0.208558
7	47	0.313397
7	48	0.668905
7	49	0.644084
7	50	0.403739
7	51	0.684113
7	52	0.47889
7	53	0.354618
7	54	0.274938
7	55	0.338614
7	56	0.577656
7	57	0.499106
7	58	0.710879
7	59	0.633798
7	60	0.335815
7	61	0.612583
7	62	0.534122
7	63	0.241356
7	64	0.494916
7	65	0.387031
7	66	0.641363
7	67	0.290361
7	68	0.277976
7	69	0.608629
7	70	0.309864
7	71	0.665394
7	72	0.330162
7	73	0.15549
7	74	0.274768
7	75	0.182202
7	76	0.667408
7	77	0.362219
7	78	0.318464
7	79	0.379965
7	80	0.295232
7	81	0.37583
7	82	0.247409
7	83	0.356059
7	84	0.197192
7	85	0.489725
7	86	0.216598
7	87	0.658819
7	88	0.740577
7	89	0.277461
7	90	0.280974
7	91	0.267987
7	92	0.39491
7	93	0.435257
7	94	0.35073
7	95	0.145399
7	96	0.428578
7	97	0.523339
7	98	0.337431
7	99	0.281402
7	100	0.58192
8	1	0.129121
8	2	0.0426265
8	3	0.310928
8	4	0.382715
8	5	0.40054
8	6	0.2632
8	7	0.598302
8	8	1
8	9	0.594912
8	10	0.13344
8	11	0.41558
8	12	0.623077
8	13	0.0367428
8	14	0.126711
8	15	0.196386
8	16	0.303793
8	17	0.201109
8	18	0.631773
8	19	0.263711
8	20	0.309496
8	21	0.25914
8	22	0.383349
8	23	0.247175
8	24	0.281583
8	25	0.556214
8	26	0.536587
8	27	0.576512
8	28	0.547033
8	29	0.275437
8	30	0.233026
8	31	0.605677
8	32	0.331153
8	33	0.293397
8	34	0.325008
8	35	0.216482
8	36	0.214649
8	37	0.160142
8	38	0.164859
8	39	0.533706
8	40	0.539847
8	41	0.188424
8	42	0.260221
8	43	0.187304
8	44	0.163028
8	45	0.19565
8	46	0.109111
8	47	0.303495
8	48	0.566878
8	49	0.483839
8	50	0.25348
8	51	0.577554
8	52	0.38925
8	53	0.383394
8	54	0.188034
8	55	0.300653
8	56	0.625326
8	57	0.540478
8	58	0.667233
8	59	0.63434
8	60	0.351116
8	61	0.60746
8	62	0.395685
8	63	0.167694
8	64	0.538713
8	65	0.402622
8	66	0.670882
8	67	0.194356
8	68	0.153341
8	69	0.52311
8	70	0.248993
8	71	0.585209
8	72	0.1939
8	73	0.0865504
8	74	0.231909
8	75	0.141349
8	76	0.534226
8	77	0.380446
8	78	0.203571
8	79	0.266765
8	80	0.227067
8	81	0.209042
8	82	0.160629
8	83	0.210837
8	84	0.157609
8	85	0.524862
8	86	0.133762
8	87	0.478146
8	88	0.676373
8	89	0.219981
8	90	0.183534
8	91	0.174091
8	92	0.353419
8	93	0.281049
8	94	0.290338
8	95	0.274191
8	96	0.284981
8	97	0.525574
8	98	0.316767
8	99	0.201877
8	100	0.479248
9	1	0.375451
9	2	0.264339
9	3	0.517638
9	4	0.553486
9	5	0.543843
9	6	0.471091
9	7	0.671711
9	8	0.594912
9	9	1
9	10	0.36638
9	11	0.653307
9	12	0.63782
9	13	0.257655
9	14	0.461063
9	15	0.437781
9	16	0.551024
9	17	0.445123
9	18	0.624056
9	19	0.494994
9	20	0.456149
9	21	0.406173
9	22	0.616409
9	23	0.33119
9	24	0.405676
9	25	0.644703
9	26	0.650924
9	27	0.639138
9	28	0.651873
9	29	0.466587
9	30	0.517038
9	31	0.679121
9	32	0.488117
9	33	0.518704
9	34	0.530031
9	35	0.370362
9	36	0.422067
9	37	0.420523
9	38	0.538599
9	39	0.614831
9	40	0.500852
9	41	0.380933
9	42	0.422009
9	43	0.398306
9	44	0.435976
9	45	0.512906
9	46	0.32352
9	47	0.497074
9	48	0.738461
9	49	0.622368
9	50	0.483686
9	51	0.555058
9	52	0.547942
9	53	0.533416
9	54	0.422417
9	55	0.440392
9	56	0.705912
9	57	0.633727
9	58	0.674845
9	59	0.607268
9	60	0.503993
9	61	0.710403
9	62	0.539064
9	63	0.409194
9	64	0.555833
9	65	0.454641
9	66	0.703524
9	67	0.444252
9	68	0.438771
9	69	0.698036
9	70	0.440364
9	71	0.682398
9	72	0.513439
9	73	0.259243
9	74	0.467009
9	75	0.358373
9	76	0.824846
9	77	0.567146
9	78	0.399401
9	79	0.499193
9	80	0.364656
9	81	0.462469
9	82	0.390548
9	83	0.510091
9	84	0.37214
9	85	0.664622
9	86	0.422767
9	87	0.599248
9	88	0.680716
9	89	0.429027
9	90	0.343266
9	91	0.388544
9	92	0.583446
9	93	0.541953
9	94	0.468168
9	95	0.331472
9	96	0.433654
9	97	0.644562
9	98	0.496276
9	99	0.489808
9	100	0.59858
10	1	0.970484
10	2	0.63625
10	3	0.829607
10	4	0.783277
10	5	0.454296
10	6	0.785333
10	7	0.178405
10	8	0.13344
10	9	0.36638
10	10	1
10	11	0.744368
10	12	0.0514385
10	13	0.654419
10	14	0.716962
10	15	0.957892
10	16	0.848785
10	17	0.95821
10	18	0.0857193
10	19	0.9053
10	20	0.76118
10	21	0.702481
10	22	0.778639
10	23	0.873752
10	24	0.515609
10	25	0.555177
10	26	0.431809
10	27	0.435013
10	28	0.408137
10	29	0.54304
10	30	0.523627
10	31	0.377614
10	32	0.512656
10	33	0.755093
10	34	0.484697
10	35	0.641309
10	36	0.634872
10	37	0.973232
10	38	0.53218
10	39	0.48673
10	40	0.217851
10	41	0.840436
10	42	0.672781
10	43	0.502492
10	44	0.955008
10	45	0.756107
10	46	0.51268
10	47	0.954851
10	48	0.428692
10	49	0.45936
10	50	0.507713
10	51	0.0896219
10	52	0.463241
10	53	0.881364
10	54	0.912642
10	55	0.53727
10	56	0.606901
10	57	0.584603
10	58	0.0581704
10	59	0.122829
10	60	0.94873
10	61	0.470568
10	62	0.532942
10	63	0.965091
10	64	0.241166
10	65	0.536092
10	66	0.239193
10	67	0.781768
10	68	0.781235
10	69	0.382889
10	70	0.493736
10	71	0.344036
10	72	0.662323
10	73	0.529321
10	74	0.596274
10	75	0.983479
10	76	0.334433
10	77	0.680107
10	78	0.751879
10	79	0.559157
10	80	0.483192
10	81	0.520299
10	82	0.635494
10	83	0.612133
10	84	0.963469
10	85	0.676672
10	86	0.947257
10	87	0.434817
10	88	0.189682
10	89	0.960821
10	90	0.572806
10	91	0.520755
10	92	0.886996
10	93	0.629355
10	94	0.560582
10	95	0.628128
10	96	0.521112
10	97	0.36151
10	98	0.528499
10	99	0.885454
10	100	0.323417
11	1	0.760021
11	2	0.534867
11	3	0.767248
11	4	0.75436
11	5	0.565481
11	6	0.678607
11	7	0.404664
11	8	0.41558
11	9	0.653307
11	10	0.744368
11	11	1
11	12	0.349653
11	13	0.537054
11	14	0.606926
11	15	0.807682
11	16	0.751648
11	17	0.785318
11	18	0.330426
11	19	0.752274
11	20	0.703569
11	21	0.673192
11	22	0.786725
11	23	0.704639
11	24	0.564979
11	25	0.696555
11	26	0.65784
11	27	0.584562
11	28	0.593016
11	29	0.709896
11	30	0.653173
11	31	0.555361
11	32	0.659028
11	33	0.763078
11	34	0.515693
11	35	0.60246
11	36	0.647312
11	37	0.746995
11	38	0.583921
11	39	0.570727
11	40	0.375132
11	41	0.715727
11	42	0.658799
11	43	0.51202
11	44	0.7387
11	45	0.703178
11	46	0.490449
11	47	0.781386
11	48	0.575367
11	49	0.6015
11	50	0.538516
11	51	0.300127
11	52	0.517293
11	53	0.747249
11	54	0.764565
11	55	0.620849
11	56	0.677391
11	57	0.710932
11	58	0.382161
11	59	0.368785
11	60	0.775406
11	61	0.587124
11	62	0.553257
11	63	0.772374
11	64	0.416962
11	65	0.66274
11	66	0.595274
11	67	0.708566
11	68	0.693647
11	69	0.56803
11	70	0.524332
11	71	0.556022
11	72	0.699599
11	73	0.497971
11	74	0.665892
11	75	0.752105
11	76	0.572803
11	77	0.812531
11	78	0.732664
11	79	0.623961
11	80	0.506576
11	81	0.535785
11	82	0.567408
11	83	0.633085
11	84	0.754163
11	85	0.742873
11	86	0.740715
11	87	0.615158
11	88	0.392962
11	89	0.802782
11	90	0.567203
11	91	0.629419
11	92	0.817556
11	93	0.777219
11	94	0.549407
11	95	0.707589
11	96	0.588884
11	97	0.525923
11	98	0.579242
11	99	0.741957
11	100	0.447757
12	1	0.0620032
12	2	0.0186147
12	3	0.212622
12	4	0.289592
12	5	0.411216
12	6	0.241677
12	7	0.726899
12	8	0.623077
12	9	0.63782
12	10	0.0514385
12	11	0.349653
12	12	1
12	13	0.0138404
12	14	0.140166
12	15	0.106424
12	16	0.307403
12	17	0.101999
12	18	0.651647
12	19	0.213508
12	20	0.272957
12	21	0.235236
12	22	0.340993
12	23	0.106114
12	24	0.229496
12	25	0.546891
12	26	0.631622
12	27	0.414459
12	28	0.52202
12	29	0.200119
12	30	0.316258
12	31	0.496714
12	32	0.313171
12	33	0.167857
12	34	0.334596
12	35	0.156401
12	36	0.187642
12	37	0.0823725
12	38	0.254144
12	39	0.446356
12	40	0.464692
12	41	0.137677
12	42	0.235272
12	43	0.144056
12	44	0.096363
12	45	0.178124
12	46	0.0783454
12	47	0.20725
12	48	0.520962
12	49	0.442792
12	50	0.266582
12	51	0.719971
12	52	0.355611
12	53	0.243876
12	54	0.115959
12	55	0.24518
12	56	0.53796
12	57	0.364391
12	58	0.819449
12	59	0.614519
12	60	0.26504
12	61	0.624565
12	62	0.436877
12	63	0.0927712
12	64	0.455791
12	65	0.226319
12	66	0.591106
12	67	0.168693
12	68	0.287752
12	69	0.472812
12	70	0.210732
12	71	0.631633
12	72	0.204014
12	73	0.0412076
12	74	0.226277
12	75	0.0561886
12	76	0.600573
12	77	0.273284
12	78	0.186148
12	79	0.204503
12	80	0.185865
12	81	0.294743
12	82	0.0880418
12	83	0.252158
12	84	0.106182
12	85	0.487794
12	86	0.124795
12	87	0.445892
12	88	0.724798
12	89	0.142373
12	90	0.174526
12	91	0.182057
12	92	0.279552
12	93	0.304285
12	94	0.293565
12	95	0.095088
12	96	0.243499
12	97	0.480609
12	98	0.259977
12	99	0.129061
12	100	0.469312
13	1	0.647593
13	2	0.998208
13	3	0.594081
13	4	0.555453
13	5	0.406247
13	6	0.67503
13	7	0.166988
13	8	0.0367428
13	9	0.257655
13	10	0.654419
13	11	0.537054
13	12	0.0138404
13	13	1
13	14	0.580302
13	15	0.643078
13	16	0.619479
13	17	0.661935
13	18	0.0441746
13	19	0.62013
13	20	0.580935
13	21	0.559372
13	22	0.57333
13	23	0.617735
13	24	0.500734
13	25	0.447096
13	26	0.375358
13	27	0.451176
13	28	0.411618
13	29	0.531608
13	30	0.519423
13	31	0.370045
13	32	0.537056
13	33	0.605989
13	34	0.437791
13	35	0.545962
13	36	0.534669
13	37	0.647342
13	38	0.549907
13	39	0.376959
13	40	0.198061
13	41	0.607043
13	42	0.570302
13	43	0.485755
13	44	0.641876
13	45	0.57747
13	46	0.519075
13	47	0.62127
13	48	0.30414
13	49	0.436083
13	50	0.451576
13	51	0.0202475
13	52	0.399478
13	53	0.597776
13	54	0.687758
13	55	0.505432
13	56	0.368631
13	57	0.484306
13	58	0.0532448
13	59	0.0829814
13	60	0.611314
13	61	0.343098
13	62	0.419873
13	63	0.644249
13	64	0.22086
13	65	0.498991
13	66	0.148496
13	67	0.588624
13	68	0.591793
13	69	0.392291
13	70	0.485743
13	71	0.335313
13	72	0.539937
13	73	0.506004
13	74	0.560084
13	75	0.65284
13	76	0.302323
13	77	0.574386
13	78	0.599663
13	79	0.513098
13	80	0.502464
13	81	0.501833
13	82	0.682848
13	83	0.562457
13	84	0.670385
13	85	0.509163
13	86	0.655975
13	87	0.423105
13	88	0.168523
13	89	0.693822
13	90	0.523004
13	91	0.709046
13	92	0.627284
13	93	0.56241
13	94	0.549545
13	95	0.540023
13	96	0.53375
13	97	0.335143
13	98	0.580798
13	99	0.618346
13	100	0.271006
14	1	0.766451
14	2	0.582044
14	3	0.758829
14	4	0.712771
14	5	0.45674
14	6	0.746657
14	7	0.233733
14	8	0.126711
14	9	0.461063
14	10	0.716962
14	11	0.606926
14	12	0.140166
14	13	0.580302
14	14	1
14	15	0.759779
14	16	0.781201
14	17	0.722527
14	18	0.215627
14	19	0.717299
14	20	0.725948
14	21	0.726688
14	22	0.651027
14	23	0.686429
14	24	0.530988
14	25	0.558458
14	26	0.536216
14	27	0.562816
14	28	0.461313
14	29	0.606441
14	30	0.630695
14	31	0.476832
14	32	0.619179
14	33	0.718009
14	34	0.514775
14	35	0.70234
14	36	0.673797
14	37	0.785257
14	38	0.744357
14	39	0.480243
14	40	0.204377
14	41	0.698468
14	42	0.683124
14	43	0.495898
14	44	0.756971
14	45	0.863156
14	46	0.533321
14	47	0.689509
14	48	0.419668
14	49	0.61571
14	50	0.503759
14	51	0.112974
14	52	0.458127
14	53	0.772588
14	54	0.770604
14	55	0.598332
14	56	0.482729
14	57	0.561637
14	58	0.223071
14	59	0.156413
14	60	0.673968
14	61	0.443531
14	62	0.448433
14	63	0.732637
14	64	0.22761
14	65	0.592784
14	66	0.268112
14	67	0.70124
14	68	0.676601
14	69	0.461424
14	70	0.494872
14	71	0.481383
14	72	0.598974
14	73	0.546135
14	74	0.678655
14	75	0.74086
14	76	0.439402
14	77	0.693578
14	78	0.685577
14	79	0.625797
14	80	0.497317
14	81	0.614094
14	82	0.602494
14	83	0.77229
14	84	0.729667
14	85	0.639027
14	86	0.766783
14	87	0.473867
14	88	0.231279
14	89	0.708362
14	90	0.644398
14	91	0.597536
14	92	0.721466
14	93	0.61168
14	94	0.734407
14	95	0.57985
14	96	0.739934
14	97	0.404592
14	98	0.536595
14	99	0.805289
14	100	0.322957
15	1	0.957686
15	2	0.630476
15	3	0.865203
15	4	0.806042
15	5	0.457435
15	6	0.81841
15	7	0.249473
15	8	0.196386
15	9	0.437781
15	10	0.957892
15	11	0.807682
15	12	0.106424
15	13	0.643078
15	14	0.759779
15	15	1
15	16	0.872496
15	17	0.953585
15	18	0.114415
15	19	0.916084
15	20	0.804532
15	21	0.740135
15	22	0.783398
15	23	0.896176
15	24	0.535171
15	25	0.628831
15	26	0.519567
15	27	0.52365
15	28	0.461033
15	29	0.622403
15	30	0.600635
15	31	0.457905
15	32	0.61117
15	33	0.82342
15	34	0.480474
15	35	0.712228
15	36	0.656814
15	37	0.953762
15	38	0.579012
15	39	0.478932
15	40	0.217521
15	41	0.881665
15	42	0.700639
15	43	0.5193
15	44	0.935863
15	45	0.769278
15	46	0.535427
15	47	0.924482
15	48	0.461612
15	49	0.551602
15	50	0.494888
15	51	0.113716
15	52	0.449249
15	53	0.890108
15	54	0.931924
15	55	0.594261
15	56	0.625388
15	57	0.659834
15	58	0.168635
15	59	0.115237
15	60	0.928889
15	61	0.470202
15	62	0.48938
15	63	0.957726
15	64	0.271913
15	65	0.580704
15	66	0.304926
15	67	0.821519
15	68	0.804631
15	69	0.45285
15	70	0.512171
15	71	0.420009
15	72	0.68313
15	73	0.532465
15	74	0.643575
15	75	0.966624
15	76	0.401979
15	77	0.723614
15	78	0.813633
15	79	0.60563
15	80	0.487842
15	81	0.544668
15	82	0.654597
15	83	0.667369
15	84	0.956696
15	85	0.696542
15	86	0.944416
15	87	0.485471
15	88	0.223567
15	89	0.949686
15	90	0.617877
15	91	0.573228
15	92	0.902767
15	93	0.695134
15	94	0.588649
15	95	0.672211
15	96	0.608356
15	97	0.402657
15	98	0.57416
15	99	0.89488
15	100	0.313462
16	1	0.853062
16	2	0.609153
16	3	0.829835
16	4	0.828431
16	5	0.503438
16	6	0.807024
16	7	0.474282
16	8	0.303793
16	9	0.551024
16	10	0.848785
16	11	0.751648
16	12	0.307403
16	13	0.619479
16	14	0.781201
16	15	0.872496
16	16	1
16	17	0.84451
16	18	0.292017
16	19	0.865962
16	20	0.819309
16	21	0.735599
16	22	0.832955
16	23	0.777246
16	24	0.573546
16	25	0.741497
16	26	0.689879
16	27	0.59258
16	28	0.59753
16	29	0.638577
16	30	0.684261
16	31	0.545751
16	32	0.631015
16	33	0.809543
16	34	0.551997
16	35	0.722319
16	36	0.779953
16	37	0.845492
16	38	0.654176
16	39	0.622096
16	40	0.311734
16	41	0.818589
16	42	0.766817
16	43	0.529222
16	44	0.835381
16	45	0.775215
16	46	0.526644
16	47	0.842324
16	48	0.56694
16	49	0.669307
16	50	0.532629
16	51	0.272023
16	52	0.507987
16	53	0.836537
16	54	0.86044
16	55	0.644112
16	56	0.707905
16	57	0.675025
16	58	0.343533
16	59	0.320441
16	60	0.851571
16	61	0.622834
16	62	0.608896
16	63	0.872546
16	64	0.382375
16	65	0.67366
16	66	0.466276
16	67	0.828133
16	68	0.771085
16	69	0.576788
16	70	0.528532
16	71	0.565775
16	72	0.727827
16	73	0.569052
16	74	0.678
16	75	0.854496
16	76	0.583357
16	77	0.74624
16	78	0.761263
16	79	0.681486
16	80	0.512229
16	81	0.684321
16	82	0.698896
16	83	0.733174
16	84	0.841518
16	85	0.785911
16	86	0.845102
16	87	0.653776
16	88	0.41169
16	89	0.861031
16	90	0.628418
16	91	0.651178
16	92	0.879325
16	93	0.72325
16	94	0.712965
16	95	0.606998
16	96	0.723395
16	97	0.484923
16	98	0.657957
16	99	0.847926
16	100	0.406547
17	1	0.948599
17	2	0.647869
17	3	0.821163
17	4	0.799473
17	5	0.473938
17	6	0.824086
17	7	0.201443
17	8	0.201109
17	9	0.445123
17	10	0.95821
17	11	0.785318
17	12	0.101999
17	13	0.661935
17	14	0.722527
17	15	0.953585
17	16	0.84451
17	17	1
17	18	0.120905
17	19	0.905693
17	20	0.787699
17	21	0.735275
17	22	0.7891
17	23	0.89457
17	24	0.523828
17	25	0.601691
17	26	0.482661
17	27	0.513764
17	28	0.442224
17	29	0.56484
17	30	0.571242
17	31	0.420032
17	32	0.602143
17	33	0.80508
17	34	0.485824
17	35	0.679775
17	36	0.637645
17	37	0.949914
17	38	0.566403
17	39	0.475711
17	40	0.213323
17	41	0.858071
17	42	0.719249
17	43	0.508596
17	44	0.944969
17	45	0.777909
17	46	0.523029
17	47	0.926534
17	48	0.495305
17	49	0.532922
17	50	0.531917
17	51	0.0978191
17	52	0.472139
17	53	0.888197
17	54	0.904228
17	55	0.592206
17	56	0.640524
17	57	0.656956
17	58	0.0907181
17	59	0.119674
17	60	0.921196
17	61	0.495414
17	62	0.491797
17	63	0.940082
17	64	0.286878
17	65	0.608853
17	66	0.28895
17	67	0.814934
17	68	0.804199
17	69	0.454242
17	70	0.493333
17	71	0.397083
17	72	0.702032
17	73	0.550269
17	74	0.649478
17	75	0.95652
17	76	0.398801
17	77	0.740086
17	78	0.763999
17	79	0.601919
17	80	0.500494
17	81	0.554855
17	82	0.659849
17	83	0.682266
17	84	0.944202
17	85	0.699606
17	86	0.951789
17	87	0.476787
17	88	0.232415
17	89	0.937776
17	90	0.592028
17	91	0.575902
17	92	0.887668
17	93	0.67321
17	94	0.598807
17	95	0.629306
17	96	0.554199
17	97	0.3966
17	98	0.561781
17	99	0.906111
17	100	0.321991
18	1	0.103508
18	2	0.0511086
18	3	0.294577
18	4	0.390152
18	5	0.520707
18	6	0.210245
18	7	0.610073
18	8	0.631773
18	9	0.624056
18	10	0.0857193
18	11	0.330426
18	12	0.651647
18	13	0.0441746
18	14	0.215627
18	15	0.114415
18	16	0.292017
18	17	0.120905
18	18	1
18	19	0.19015
18	20	0.262231
18	21	0.224843
18	22	0.375321
18	23	0.0909832
18	24	0.245561
18	25	0.449748
18	26	0.566233
18	27	0.450668
18	28	0.563456
18	29	0.250272
18	30	0.311443
18	31	0.595221
18	32	0.23965
18	33	0.186288
18	34	0.452746
18	35	0.229091
18	36	0.193256
18	37	0.170185
18	38	0.353108
18	39	0.511026
18	40	0.491067
18	41	0.182358
18	42	0.222198
18	43	0.266115
18	44	0.1417
18	45	0.299814
18	46	0.186604
18	47	0.250235
18	48	0.637687
18	49	0.486833
18	50	0.463572
18	51	0.573099
18	52	0.519103
18	53	0.329953
18	54	0.178673
18	55	0.179168
18	56	0.555508
18	57	0.419443
18	58	0.644533
18	59	0.697786
18	60	0.288295
18	61	0.570803
18	62	0.350746
18	63	0.123217
18	64	0.457704
18	65	0.276585
18	66	0.640591
18	67	0.128244
18	68	0.126588
18	69	0.562801
18	70	0.318751
18	71	0.595051
18	72	0.295544
18	73	0.232423
18	74	0.284468
18	75	0.0852902
18	76	0.593601
18	77	0.285571
18	78	0.177157
18	79	0.286721
18	80	0.2048
18	81	0.174531
18	82	0.194369
18	83	0.363519
18	84	0.117037
18	85	0.506417
18	86	0.0991082
18	87	0.438836
18	88	0.629811
18	89	0.166585
18	90	0.106081
18	91	0.230197
18	92	0.34046
18	93	0.273266
18	94	0.268971
18	95	0.172171
18	96	0.333346
18	97	0.489074
18	98	0.282362
18	99	0.231172
18	100	0.60247
19	1	0.886364
19	2	0.607408
19	3	0.808561
19	4	0.805593
19	5	0.526362
19	6	0.820827
19	7	0.346244
19	8	0.263711
19	9	0.494994
19	10	0.9053
19	11	0.752274
19	12	0.213508
19	13	0.62013
19	14	0.717299
19	15	0.916084
19	16	0.865962
19	17	0.905693
19	18	0.19015
19	19	1
19	20	0.773127
19	21	0.765029
19	22	0.846653
19	23	0.855599
19	24	0.563882
19	25	0.735957
19	26	0.588865
19	27	0.552613
19	28	0.505623
19	29	0.616993
19	30	0.596305
19	31	0.464129
19	32	0.643597
19	33	0.833781
19	34	0.527338
19	35	0.640418
19	36	0.671024
19	37	0.898115
19	38	0.5844
19	39	0.553416
19	40	0.26988
19	41	0.881377
19	42	0.741109
19	43	0.518504
19	44	0.905395
19	45	0.743164
19	46	0.536731
19	47	0.901627
19	48	0.508073
19	49	0.582869
19	50	0.543328
19	51	0.277786
19	52	0.505279
19	53	0.863895
19	54	0.870615
19	55	0.674107
19	56	0.67745
19	57	0.672965
19	58	0.194675
19	59	0.195084
19	60	0.88775
19	61	0.549291
19	62	0.535459
19	63	0.898886
19	64	0.444458
19	65	0.647331
19	66	0.375162
19	67	0.876705
19	68	0.808277
19	69	0.537762
19	70	0.519845
19	71	0.454203
19	72	0.744479
19	73	0.539957
19	74	0.681261
19	75	0.902497
19	76	0.491703
19	77	0.728009
19	78	0.76069
19	79	0.67084
19	80	0.511174
19	81	0.598332
19	82	0.700757
19	83	0.680686
19	84	0.907973
19	85	0.729826
19	86	0.892992
19	87	0.597796
19	88	0.305239
19	89	0.880784
19	90	0.703769
19	91	0.543265
19	92	0.869555
19	93	0.744474
19	94	0.630442
19	95	0.610967
19	96	0.614227
19	97	0.466248
19	98	0.591677
19	99	0.878688
19	100	0.387386
20	1	0.785157
20	2	0.571321
20	3	0.785046
20	4	0.728782
20	5	0.515636
20	6	0.804126
20	7	0.328174
20	8	0.309496
20	9	0.456149
20	10	0.76118
20	11	0.703569
20	12	0.272957
20	13	0.580935
20	14	0.725948
20	15	0.804532
20	16	0.819309
20	17	0.787699
20	18	0.262231
20	19	0.773127
20	20	1
20	21	0.695396
20	22	0.75437
20	23	0.783652
20	24	0.563232
20	25	0.594934
20	26	0.593247
20	27	0.575967
20	28	0.584971
20	29	0.632362
20	30	0.646782
20	31	0.530724
20	32	0.664377
20	33	0.764257
20	34	0.542025
20	35	0.755851
20	36	0.669183
20	37	0.772606
20	38	0.614296
20	39	0.552771
20	40	0.243384
20	41	0.769791
20	42	0.786285
20	43	0.525408
20	44	0.782134
20	45	0.804234
20	46	0.544899
20	47	0.749113
20	48	0.51819
20	49	0.655236
20	50	0.551166
20	51	0.145653
20	52	0.502874
20	53	0.781143
20	54	0.80589
20	55	0.628742
20	56	0.556424
20	57	0.630403
20	58	0.248551
20	59	0.180353
20	60	0.788071
20	61	0.567455
20	62	0.473748
20	63	0.799643
20	64	0.266342
20	65	0.68508
20	66	0.334817
20	67	0.713124
20	68	0.805014
20	69	0.464565
20	70	0.522405
20	71	0.543708
20	72	0.676775
20	73	0.530057
20	74	0.63313
20	75	0.775226
20	76	0.490193
20	77	0.681686
20	78	0.760255
20	79	0.638458
20	80	0.499667
20	81	0.653029
20	82	0.64859
20	83	0.720236
20	84	0.782356
20	85	0.715218
20	86	0.802022
20	87	0.51624
20	88	0.237881
20	89	0.774175
20	90	0.646973
20	91	0.69965
20	92	0.814719
20	93	0.65922
20	94	0.758525
20	95	0.791903
20	96	0.652289
20	97	0.416225
20	98	0.705693
20	99	0.792592
20	100	0.388524
21	1	0.717425
21	2	0.554152
21	3	0.718855
21	4	0.683188
21	5	0.490363
21	6	0.807262
21	7	0.306316
21	8	0.25914
21	9	0.406173
21	10	0.702481
21	11	0.673192
21	12	0.235236
21	13	0.559372
21	14	0.726688
21	15	0.740135
21	16	0.735599
21	17	0.735275
21	18	0.224843
21	19	0.765029
21	20	0.695396
21	21	1
21	22	0.756518
21	23	0.74555
21	24	0.553656
21	25	0.658235
21	26	0.541297
21	27	0.581056
21	28	0.500213
21	29	0.628484
21	30	0.651439
21	31	0.563422
21	32	0.660439
21	33	0.722489
21	34	0.453094
21	35	0.638725
21	36	0.691448
21	37	0.739216
21	38	0.642165
21	39	0.540061
21	40	0.210838
21	41	0.770147
21	42	0.752512
21	43	0.561738
21	44	0.726435
21	45	0.758983
21	46	0.595567
21	47	0.719245
21	48	0.41645
21	49	0.631466
21	50	0.492388
21	51	0.151552
21	52	0.453831
21	53	0.704505
21	54	0.71016
21	55	0.676924
21	56	0.485279
21	57	0.601279
21	58	0.211002
21	59	0.204879
21	60	0.688755
21	61	0.538902
21	62	0.517186
21	63	0.712027
21	64	0.354332
21	65	0.681953
21	66	0.345033
21	67	0.785572
21	68	0.721664
21	69	0.535068
21	70	0.561962
21	71	0.501927
21	72	0.662635
21	73	0.532379
21	74	0.705059
21	75	0.727434
21	76	0.477116
21	77	0.691684
21	78	0.755489
21	79	0.696572
21	80	0.497742
21	81	0.602471
21	82	0.698078
21	83	0.682812
21	84	0.738912
21	85	0.64545
21	86	0.730282
21	87	0.507328
21	88	0.279991
21	89	0.748075
21	90	0.61664
21	91	0.675513
21	92	0.68365
21	93	0.698298
21	94	0.674531
21	95	0.58696
21	96	0.67
21	97	0.419764
21	98	0.655653
21	99	0.799795
21	100	0.290588
22	1	0.769751
22	2	0.563928
22	3	0.760536
22	4	0.779286
22	5	0.556845
22	6	0.781002
22	7	0.440754
22	8	0.383349
22	9	0.616409
22	10	0.778639
22	11	0.786725
22	12	0.340993
22	13	0.57333
22	14	0.651027
22	15	0.783398
22	16	0.832955
22	17	0.7891
22	18	0.375321
22	19	0.846653
22	20	0.75437
22	21	0.756518
22	22	1
22	23	0.709792
22	24	0.581668
22	25	0.738552
22	26	0.644968
22	27	0.608565
22	28	0.681651
22	29	0.646152
22	30	0.660785
22	31	0.599102
22	32	0.671299
22	33	0.790311
22	34	0.550554
22	35	0.649388
22	36	0.68009
22	37	0.796653
22	38	0.67709
22	39	0.705288
22	40	0.354046
22	41	0.797219
22	42	0.68996
22	43	0.539826
22	44	0.790617
22	45	0.745806
22	46	0.524237
22	47	0.835361
22	48	0.57411
22	49	0.651775
22	50	0.553539
22	51	0.294319
22	52	0.537513
22	53	0.794585
22	54	0.797316
22	55	0.638158
22	56	0.693636
22	57	0.691733
22	58	0.319801
22	59	0.401085
22	60	0.806561
22	61	0.689828
22	62	0.62226
22	63	0.816043
22	64	0.49787
22	65	0.702082
22	66	0.503894
22	67	0.806146
22	68	0.711832
22	69	0.606599
22	70	0.558866
22	71	0.566021
22	72	0.765124
22	73	0.541131
22	74	0.701194
22	75	0.77426
22	76	0.672328
22	77	0.75081
22	78	0.729014
22	79	0.68955
22	80	0.548372
22	81	0.632331
22	82	0.727672
22	83	0.754119
22	84	0.779651
22	85	0.719869
22	86	0.770585
22	87	0.686881
22	88	0.442438
22	89	0.793891
22	90	0.638442
22	91	0.713415
22	92	0.865063
22	93	0.713524
22	94	0.627731
22	95	0.650794
22	96	0.617422
22	97	0.532243
22	98	0.695008
22	99	0.783658
22	100	0.482146
23	1	0.871286
23	2	0.60534
23	3	0.776118
23	4	0.799709
23	5	0.451078
23	6	0.813694
23	7	0.266822
23	8	0.247175
23	9	0.33119
23	10	0.873752
23	11	0.704639
23	12	0.106114
23	13	0.617735
23	14	0.686429
23	15	0.896176
23	16	0.777246
23	17	0.89457
23	18	0.0909832
23	19	0.855599
23	20	0.783652
23	21	0.74555
23	22	0.709792
23	23	1
23	24	0.532949
23	25	0.595783
23	26	0.482789
23	27	0.512229
23	28	0.468886
23	29	0.62324
23	30	0.608111
23	31	0.426328
23	32	0.658875
23	33	0.733947
23	34	0.451124
23	35	0.735302
23	36	0.646624
23	37	0.865909
23	38	0.54291
23	39	0.452256
23	40	0.197448
23	41	0.822904
23	42	0.693585
23	43	0.526179
23	44	0.86604
23	45	0.718909
23	46	0.563513
23	47	0.835608
23	48	0.452092
23	49	0.635597
23	50	0.483335
23	51	0.0940997
23	52	0.434138
23	53	0.861483
23	54	0.852984
23	55	0.591136
23	56	0.546723
23	57	0.612713
23	58	0.10964
23	59	0.120638
23	60	0.84964
23	61	0.465049
23	62	0.458502
23	63	0.879102
23	64	0.246675
23	65	0.632804
23	66	0.245171
23	67	0.781254
23	68	0.762617
23	69	0.413986
23	70	0.528038
23	71	0.373345
23	72	0.668376
23	73	0.526309
23	74	0.656367
23	75	0.904917
23	76	0.361287
23	77	0.701346
23	78	0.735232
23	79	0.57932
23	80	0.513429
23	81	0.544723
23	82	0.653276
23	83	0.676723
23	84	0.898545
23	85	0.663515
23	86	0.864363
23	87	0.476241
23	88	0.205751
23	89	0.875212
23	90	0.601801
23	91	0.54762
23	92	0.79196
23	93	0.661275
23	94	0.615377
23	95	0.612947
23	96	0.574372
23	97	0.3657
23	98	0.531207
23	99	0.843809
23	100	0.292828
24	1	0.532368
24	2	0.503773
24	3	0.587781
24	4	0.591233
24	5	0.502142
24	6	0.601526
24	7	0.340165
24	8	0.281583
24	9	0.405676
24	10	0.515609
24	11	0.564979
24	12	0.229496
24	13	0.500734
24	14	0.530988
24	15	0.535171
24	16	0.573546
24	17	0.523828
24	18	0.245561
24	19	0.563882
24	20	0.563232
24	21	0.553656
24	22	0.581668
24	23	0.532949
24	24	1
24	25	0.567751
24	26	0.562802
24	27	0.590234
24	28	0.590993
24	29	0.580842
24	30	0.703496
24	31	0.563424
24	32	0.578065
24	33	0.562823
24	34	0.505297
24	35	0.5594
24	36	0.601237
24	37	0.524301
24	38	0.583869
24	39	0.516458
24	40	0.763213
24	41	0.536843
24	42	0.581614
24	43	0.519126
24	44	0.568944
24	45	0.590624
24	46	0.533773
24	47	0.530938
24	48	0.462772
24	49	0.606751
24	50	0.527052
24	51	0.205392
24	52	0.525786
24	53	0.544596
24	54	0.55569
24	55	0.859156
24	56	0.508548
24	57	0.545362
24	58	0.270571
24	59	0.234389
24	60	0.539209
24	61	0.485425
24	62	0.565536
24	63	0.552831
24	64	0.342873
24	65	0.583242
24	66	0.391203
24	67	0.560092
24	68	0.545655
24	69	0.514923
24	70	0.532334
24	71	0.488131
24	72	0.568557
24	73	0.521324
24	74	0.685047
24	75	0.535766
24	76	0.470044
24	77	0.657326
24	78	0.584181
24	79	0.669388
24	80	0.543658
24	81	0.544721
24	82	0.613074
24	83	0.609588
24	84	0.546508
24	85	0.53627
24	86	0.53023
24	87	0.592407
24	88	0.325619
24	89	0.583349
24	90	0.610603
24	91	0.640088
24	92	0.556423
24	93	0.613747
24	94	0.613003
24	95	0.533292
24	96	0.568924
24	97	0.835865
24	98	0.595768
24	99	0.547237
24	100	0.385507
25	1	0.581835
25	2	0.450134
25	3	0.642516
25	4	0.713373
25	5	0.601869
25	6	0.648475
25	7	0.625784
25	8	0.556214
25	9	0.644703
25	10	0.555177
25	11	0.696555
25	12	0.546891
25	13	0.447096
25	14	0.558458
25	15	0.628831
25	16	0.741497
25	17	0.601691
25	18	0.449748
25	19	0.735957
25	20	0.594934
25	21	0.658235
25	22	0.738552
25	23	0.595783
25	24	0.567751
25	25	1
25	26	0.769329
25	27	0.727583
25	28	0.687948
25	29	0.591546
25	30	0.678845
25	31	0.666637
25	32	0.688098
25	33	0.741043
25	34	0.557888
25	35	0.580897
25	36	0.608282
25	37	0.574306
25	38	0.686508
25	39	0.611997
25	40	0.459112
25	41	0.704197
25	42	0.622587
25	43	0.4854
25	44	0.605816
25	45	0.587671
25	46	0.462308
25	47	0.635818
25	48	0.619532
25	49	0.721535
25	50	0.534541
25	51	0.490501
25	52	0.576787
25	53	0.686734
25	54	0.621513
25	55	0.676203
25	56	0.747553
25	57	0.73916
25	58	0.507454
25	59	0.510258
25	60	0.645425
25	61	0.699806
25	62	0.585292
25	63	0.615283
25	64	0.661715
25	65	0.672498
25	66	0.657203
25	67	0.747435
25	68	0.592308
25	69	0.676614
25	70	0.525205
25	71	0.692577
25	72	0.637592
25	73	0.439018
25	74	0.62464
25	75	0.576993
25	76	0.707668
25	77	0.684532
25	78	0.719928
25	79	0.648737
25	80	0.497491
25	81	0.626229
25	82	0.576365
25	83	0.641897
25	84	0.581144
25	85	0.759122
25	86	0.559024
25	87	0.762915
25	88	0.596101
25	89	0.60387
25	90	0.674204
25	91	0.56242
25	92	0.710765
25	93	0.677617
25	94	0.595535
25	95	0.463245
25	96	0.706171
25	97	0.631574
25	98	0.540142
25	99	0.628655
25	100	0.518305
26	1	0.476106
26	2	0.379504
26	3	0.605507
26	4	0.638848
26	5	0.617316
26	6	0.572921
26	7	0.695894
26	8	0.536587
26	9	0.650924
26	10	0.431809
26	11	0.65784
26	12	0.631622
26	13	0.375358
26	14	0.536216
26	15	0.519567
26	16	0.689879
26	17	0.482661
26	18	0.566233
26	19	0.588865
26	20	0.593247
26	21	0.541297
26	22	0.644968
26	23	0.482789
26	24	0.562802
26	25	0.769329
26	26	1
26	27	0.728368
26	28	0.696623
26	29	0.610998
26	30	0.661971
26	31	0.743432
26	32	0.705267
26	33	0.577189
26	34	0.58709
26	35	0.560944
26	36	0.662022
26	37	0.459288
26	38	0.581346
26	39	0.66173
26	40	0.475679
26	41	0.54921
26	42	0.608128
26	43	0.586194
26	44	0.454017
26	45	0.563339
26	46	0.561362
26	47	0.522787
26	48	0.611024
26	49	0.767751
26	50	0.559094
26	51	0.579063
26	52	0.566599
26	53	0.604302
26	54	0.535702
26	55	0.666308
26	56	0.640171
26	57	0.712173
26	58	0.614695
26	59	0.502503
26	60	0.53376
26	61	0.688573
26	62	0.561898
26	63	0.487861
26	64	0.484972
26	65	0.703577
26	66	0.633159
26	67	0.551484
26	68	0.559306
26	69	0.741973
26	70	0.610031
26	71	0.677891
26	72	0.616002
26	73	0.475608
26	74	0.589485
26	75	0.44361
26	76	0.712399
26	77	0.585159
26	78	0.575379
26	79	0.623719
26	80	0.576897
26	81	0.642144
26	82	0.479773
26	83	0.634251
26	84	0.486019
26	85	0.717896
26	86	0.481888
26	87	0.730492
26	88	0.629686
26	89	0.486703
26	90	0.644694
26	91	0.599119
26	92	0.6051
26	93	0.683264
26	94	0.56909
26	95	0.461411
26	96	0.623614
26	97	0.636562
26	98	0.588502
26	99	0.494235
26	100	0.558355
27	1	0.481065
27	2	0.461601
27	3	0.614461
27	4	0.654262
27	5	0.557972
27	6	0.619396
27	7	0.560829
27	8	0.576512
27	9	0.639138
27	10	0.435013
27	11	0.584562
27	12	0.414459
27	13	0.451176
27	14	0.562816
27	15	0.52365
27	16	0.59258
27	17	0.513764
27	18	0.450668
27	19	0.552613
27	20	0.575967
27	21	0.581056
27	22	0.608565
27	23	0.512229
27	24	0.590234
27	25	0.727583
27	26	0.728368
27	27	1
27	28	0.722361
27	29	0.591943
27	30	0.625429
27	31	0.825589
27	32	0.695329
27	33	0.640875
27	34	0.573417
27	35	0.637826
27	36	0.54837
27	37	0.472592
27	38	0.582117
27	39	0.632159
27	40	0.488234
27	41	0.526538
27	42	0.623571
27	43	0.557532
27	44	0.530455
27	45	0.534173
27	46	0.553297
27	47	0.519266
27	48	0.634049
27	49	0.756416
27	50	0.528043
27	51	0.421235
27	52	0.573721
27	53	0.615449
27	54	0.572529
27	55	0.661
27	56	0.586053
27	57	0.872393
27	58	0.500939
27	59	0.45048
27	60	0.546032
27	61	0.669318
27	62	0.547069
27	63	0.480328
27	64	0.452116
27	65	0.646541
27	66	0.507425
27	67	0.538107
27	68	0.486345
27	69	0.691218
27	70	0.586422
27	71	0.736665
27	72	0.57574
27	73	0.460888
27	74	0.601741
27	75	0.441443
27	76	0.646701
27	77	0.584711
27	78	0.583875
27	79	0.701037
27	80	0.646925
27	81	0.514585
27	82	0.516736
27	83	0.636236
27	84	0.478844
27	85	0.754885
27	86	0.48415
27	87	0.695631
27	88	0.615296
27	89	0.504621
27	90	0.58556
27	91	0.593786
27	92	0.587002
27	93	0.612071
27	94	0.598967
27	95	0.481735
27	96	0.62577
27	97	0.615148
27	98	0.667119
27	99	0.570497
27	100	0.512892
28	1	0.445077
28	2	0.421195
28	3	0.594992
28	4	0.668817
28	5	0.574871
28	6	0.588689
28	7	0.579287
28	8	0.547033
28	9	0.651873
28	10	0.408137
28	11	0.593016
28	12	0.52202
28	13	0.411618
28	14	0.461313
28	15	0.461033
28	16	0.59753
28	17	0.442224
28	18	0.563456
28	19	0.505623
28	20	0.584971
28	21	0.500213
28	22	0.681651
28	23	0.468886
28	24	0.590993
28	25	0.687948
28	26	0.696623
28	27	0.722361
28	28	1
28	29	0.656821
28	30	0.685369
28	31	0.709197
28	32	0.609456
28	33	0.490816
28	34	0.542046
28	35	0.617237
28	36	0.574985
28	37	0.429291
28	38	0.612426
28	39	0.607803
28	40	0.505442
28	41	0.505432
28	42	0.577814
28	43	0.546198
28	44	0.454215
28	45	0.546768
28	46	0.519715
28	47	0.51306
28	48	0.666396
28	49	0.641408
28	50	0.510657
28	51	0.415255
28	52	0.534817
28	53	0.539579
28	54	0.536026
28	55	0.596078
28	56	0.64462
28	57	0.635169
28	58	0.534072
28	59	0.521738
28	60	0.552673
28	61	0.734323
28	62	0.521047
28	63	0.510364
28	64	0.472382
28	65	0.625388
28	66	0.634953
28	67	0.519906
28	68	0.528977
28	69	0.656338
28	70	0.580746
