1	1	1
1	2	0.795129
1	3	0.713909
1	4	0.168632
1	5	0.0716914
1	6	0.478712
1	7	0.44769
1	8	0.576457
1	9	0.247236
1	10	0.798053
1	11	0.750157
1	12	0.246328
1	13	0.797021
1	14	0.696812
1	15	0.803005
1	16	0.66522
1	17	0.818868
1	18	0.139668
1	19	0.688073
1	20	0.547169
1	21	0.525357
1	22	0.423234
1	23	0.79713
1	24	0.106984
1	25	0.424154
1	26	0.250054
1	27	0.116946
1	28	0.156036
1	29	0.24128
1	30	0.193112
1	31	0.327199
1	32	0.174278
1	33	0.70687
1	34	0.0784409
1	35	0.186703
1	36	0.514606
1	37	0.784181
1	38	0.369073
1	39	0.337229
1	40	0.0199328
1	41	0.411685
1	42	0.257197
1	43	0.0262282
1	44	0.826326
1	45	0.464554
1	46	0.0795742
1	47	0.810743
1	48	0.479619
1	49	0.136318
1	50	0.0972042
1	51	0.170784
1	52	0.0460361
1	53	0.803709
1	54	0.609769
1	55	0.155
1	56	0.673125
1	57	0.536204
1	58	0.246557
1	59	0.31475
1	60	0.852926
1	61	0.370055
1	62	0.187353
1	63	0.882316
1	64	0.0251626
1	65	0.222935
1	66	0.311878
1	67	0.564453
1	68	0.212293
1	69	0.122061
1	70	0.0290992
1	71	0.292979
1	72	0.407167
1	73	0.126231
1	74	0.385844
1	75	0.791434
1	76	0.160366
1	77	0.364482
1	78	0.395869
1	79	0.424711
1	80	0.0411233
1	81	0.277535
1	82	0.261491
1	83	0.29051
1	84	0.811199
1	85	0.630032
1	86	0.79663
1	87	0.167693
1	88	0.120681
1	89	0.800827
1	90	0.204616
1	91	0.364725
1	92	0.777722
1	93	0.432172
1	94	0.302268
1	95	0.0948998
1	96	0.294618
1	97	0.131291
1	98	0.292581
1	99	0.307593
1	100	0.0521019
2	1	0.795129
2	2	1
2	3	0.749693
2	4	0.0984817
2	5	0.00547277
2	6	0.463855
2	7	0.198975
2	8	0.429757
2	9	0.0932942
2	10	0.926157
2	11	0.664597
2	12	0.00983267
2	13	0.997176
2	14	0.576075
2	15	0.954689
2	16	0.601544
2	17	0.90753
2	18	0.0288176
2	19	0.670623
2	20	0.591343
2	21	0.511619
2	22	0.168883
2	23	0.874671
2	24	0.0280023
2	25	0.298031
2	26	0.0234808
2	27	0.0299538
2	28	0.0190314
2	29	0.0541357
2	30	0.0256734
2	31	0.067894
2	32	0.0278823
2	33	0.68043
2	34	0.00620924
2	35	0.0150026
2	36	0.172111
2	37	0.941054
2	38	0.201668
2	39	0.0172213
2	40	0.000293576
2	41	0.439992
2	42	0.144287
2	43	0.0079737
2	44	0.862836
2	45	0.313997
2	46	0.0302724
2	47	0.94417
2	48	0.286211
2	49	0.0201575
2	50	0.00761882
2	51	0.0659988
2	52	0.0197482
2	53	0.876529
2	54	0.53113
2	55	0.00830344
2	56	0.588013
2	57	0.494619
2	58	0.207698
2	59	0.177515
2	60	0.979248
2	61	0.178672
2	62	0.0379673
2	63	0.918515
2	64	0.0134444
2	65	0.0286083
2	66	0.232867
2	67	0.436193
2	68	0.120402
2	69	0.0235474
2	70	0.00354466
2	71	0.0256553
2	72	0.257394
2	73	0.0226892
2	74	0.184036
2	75	0.940558
2	76	0.0122294
2	77	0.272485
2	78	0.224093
2	79	0.221784
2	80	0.0144745
2	81	0.16079
2	82	0.231061
2	83	0.0259711
2	84	0.936123
2	85	0.566932
2	86	0.963314
2	87	0.0835498
2	88	0.0250968
2	89	0.941205
2	90	0.0166967
2	91	0.198774
2	92	0.794628
2	93	0.270336
2	94	0.113235
2	95	0.0178251
2	96	0.182844
2	97	0.0414967
2	98	0.110585
2	99	0.320769
2	100	0.0104587
3	1	0.713909
3	2	0.749693
3	3	1
3	4	0.159202
3	5	0.0971613
3	6	0.588854
3	7	0.306329
3	8	0.52629
3	9	0.224157
3	10	0.815893
3	11	0.748362
3	12	0.313248
3	13	0.747514
3	14	0.679019
3	15	0.765434
3	16	0.600189
3	17	0.751613
3	18	0.248604
3	19	0.782475
3	20	0.620355
3	21	0.545322
3	22	0.333592
3	23	0.780536
3	24	0.184978
3	25	0.510571
3	26	0.22511
3	27	0.211702
3	28	0.188577
3	29	0.306451
3	30	0.383349
3	31	0.372753
3	32	0.28487
3	33	0.662567
3	34	0.0568505
3	35	0.202426
3	36	0.287217
3	37	0.721565
3	38	0.487974
3	39	0.154303
3	40	0.108158
3	41	0.379573
3	42	0.234698
3	43	0.0165883
3	44	0.771481
3	45	0.555404
3	46	0.13254
3	47	0.805398
3	48	0.559782
3	49	0.299502
3	50	0.0871954
3	51	0.196739
3	52	0.0517392
3	53	0.805158
3	54	0.561475
3	55	0.345736
3	56	0.624982
3	57	0.607255
3	58	0.430777
3	59	0.383648
3	60	0.758933
3	61	0.310331
3	62	0.065756
3	63	0.764828
3	64	0.0631165
3	65	0.276273
3	66	0.262206
3	67	0.577004
3	68	0.349367
3	69	0.209308
3	70	0.0362974
3	71	0.36509
3	72	0.474038
3	73	0.259993
3	74	0.393375
3	75	0.809208
3	76	0.321946
3	77	0.388121
3	78	0.441323
3	79	0.348986
3	80	0.0335787
3	81	0.392507
3	82	0.363374
3	83	0.276953
3	84	0.805143
3	85	0.586256
3	86	0.781338
3	87	0.211702
3	88	0.279598
3	89	0.785663
3	90	0.245101
3	91	0.395412
3	92	0.799056
3	93	0.408592
3	94	0.319782
3	95	0.163984
3	96	0.348869
3	97	0.255041
3	98	0.317165
3	99	0.329632
3	100	0.139742
4	1	0.168632
4	2	0.0984817
4	3	0.159202
4	4	1
4	5	0.082982
4	6	0.114589
4	7	0.282368
4	8	0.157148
4	9	0.0838689
4	10	0.198202
4	11	0.163076
4	12	0.0775049
4	13	0.093492
4	14	0.269325
4	15	0.119463
4	16	0.159106
4	17	0.216212
4	18	0.0573132
4	19	0.305042
4	20	0.0957705
4	21	0.308245
4	22	0.3113
4	23	0.129063
4	24	0.0632181
4	25	0.121521
4	26	0.160803
4	27	0.56962
4	28	0.0946728
4	29	0.119675
4	30	0.446259
4	31	0.102179
4	32	0.218954
4	33	0.182126
4	34	0.0302359
4	35	0.102537
4	36	0.260084
4	37	0.108223
4	38	0.511518
4	39	0.104292
4	40	0.0206362
4	41	0.509289
4	42	0.132171
4	43	0.0106362
4	44	0.134971
4	45	0.235063
4	46	0.0304097
4	47	0.122935
4	48	0.252087
4	49	0.0855345
4	50	0.0630886
4	51	0.13916
4	52	0.0315159
4	53	0.196235
4	54	0.136389
4	55	0.10102
4	56	0.143591
4	57	0.142638
4	58	0.0893583
4	59	0.131967
4	60	0.130528
4	61	0.119807
4	62	0.0316491
4	63	0.118708
4	64	0.0781813
4	65	0.283429
4	66	0.113322
4	67	0.531616
4	68	0.0739234
4	69	0.139299
4	70	0.0122665
4	71	0.122075
4	72	0.113901
4	73	0.0224005
4	74	0.244201
4	75	0.213543
4	76	0.118866
4	77	0.188228
4	78	0.34479
4	79	0.434497
4	80	0.0365899
4	81	0.108356
4	82	0.114537
4	83	0.150266
4	84	0.210496
4	85	0.396951
4	86	0.0897158
4	87	0.458806
4	88	0.0744988
4	89	0.147614
4	90	0.0984399
4	91	0.122443
4	92	0.196866
4	93	0.182718
4	94	0.0856615
4	95	0.757042
4	96	0.19972
4	97	0.173417
4	98	0.144722
4	99	0.92662
4	100	0.0303175
5	1	0.0716914
5	2	0.00547277
5	3	0.0971613
5	4	0.082982
5	5	1
5	6	0.184395
5	7	0.146696
5	8	0.100181
5	9	0.28776
5	10	0.0984512
5	11	0.135001
5	12	0.155792
5	13	0.0041777
5	14	0.157519
5	15	0.0397166
5	16	0.143648
5	17	0.0320836
5	18	0.17198
5	19	0.206105
5	20	0.0596761
5	21	0.101995
5	22	0.0994397
5	23	0.0801275
5	24	0.0563129
5	25	0.123416
5	26	0.206504
5	27	0.286845
5	28	0.158309
5	29	0.15447
5	30	0.224775
5	31	0.143518
5	32	0.103909
5	33	0.178726
5	34	0.942838
5	35	0.137138
5	36	0.176006
5	37	0.0168328
5	38	0.240904
5	39	0.173161
5	40	0.00201267
5	41	0.210806
5	42	0.193418
5	43	0.0113023
5	44	0.0876997
5	45	0.194503
5	46	0.0761507
5	47	0.0463433
5	48	0.280537
5	49	0.317627
5	50	0.869547
5	51	0.0864251
5	52	0.958319
5	53	0.0732922
5	54	0.0758456
5	55	0.175522
5	56	0.173623
5	57	0.182281
5	58	0.127255
5	59	0.285393
5	60	0.0158371
5	61	0.152258
5	62	0.0492941
5	63	0.0432336
5	64	0.030787
5	65	0.217641
5	66	0.483778
5	67	0.115467
5	68	0.310059
5	69	0.122166
5	70	0.0277728
5	71	0.160642
5	72	0.102767
5	73	0.0949977
5	74	0.308752
5	75	0.0763418
5	76	0.168364
5	77	0.223739
5	78	0.170498
5	79	0.116057
5	80	0.0586301
5	81	0.488892
5	82	0.317389
5	83	0.222579
5	84	0.0529274
5	85	0.14743
5	86	0.0986945
5	87	0.100396
5	88	0.28876
5	89	0.0934675
5	90	0.26907
5	91	0.197739
5	92	0.178859
5	93	0.238028
5	94	0.190646
5	95	0.0533254
5	96	0.224094
5	97	0.109295
5	98	0.194987
5	99	0.0837419
5	100	0.900898
6	1	0.478712
6	2	0.463855
6	3	0.588854
6	4	0.114589
6	5	0.184395
6	6	1
6	7	0.354709
6	8	0.603229
6	9	0.366655
6	10	0.497627
6	11	0.557077
6	12	0.434243
6	13	0.453751
6	14	0.61425
6	15	0.513967
6	16	0.560765
6	17	0.521264
6	18	0.361182
6	19	0.518935
6	20	0.445954
6	21	0.414774
6	22	0.378629
6	23	0.480688
6	24	0.443702
6	25	0.496201
6	26	0.453823
6	27	0.355215
6	28	0.287849
6	29	0.478677
6	30	0.530227
6	31	0.450261
6	32	0.173516
6	33	0.605461
6	34	0.140404
6	35	0.30607
6	36	0.313077
6	37	0.53158
6	38	0.459468
6	39	0.310446
6	40	0.356904
6	41	0.345106
6	42	0.292987
6	43	0.117624
6	44	0.587582
6	45	0.463711
6	46	0.217864
6	47	0.522427
6	48	0.418459
6	49	0.5132
6	50	0.199076
6	51	0.360636
6	52	0.147018
6	53	0.524472
6	54	0.555944
6	55	0.49834
6	56	0.502634
6	57	0.678494
6	58	0.505471
6	59	0.282391
6	60	0.469754
6	61	0.364477
6	62	0.132266
6	63	0.498173
6	64	0.00901917
6	65	0.409003
6	66	0.297852
6	67	0.430431
6	68	0.405291
6	69	0.297727
6	70	0.165648
6	71	0.369986
6	72	0.405854
6	73	0.0716703
6	74	0.447923
6	75	0.523138
6	76	0.249868
6	77	0.467266
6	78	0.500315
6	79	0.56247
6	80	0.0526166
6	81	0.386966
6	82	0.404174
6	83	0.312239
6	84	0.557909
6	85	0.506178
6	86	0.481343
6	87	0.204199
6	88	0.502121
6	89	0.570909
6	90	0.304523
6	91	0.40878
6	92	0.633442
6	93	0.466705
6	94	0.518711
6	95	0.102598
6	96	0.438342
6	97	0.47252
6	98	0.367256
6	99	0.243029
6	100	0.205438
7	1	0.44769
7	2	0.198975
7	3	0.306329
7	4	0.282368
7	5	0.146696
7	6	0.354709
7	7	1
7	8	0.516813
7	9	0.416094
7	10	0.349264
7	11	0.528276
7	12	0.285722
7	13	0.185681
7	14	0.585925
7	15	0.278547
7	16	0.368347
7	17	0.337735
7	18	0.246203
7	19	0.392733
7	20	0.449304
7	21	0.261792
7	22	0.53141
7	23	0.370963
7	24	0.153258
7	25	0.34064
7	26	0.46099
7	27	0.373034
7	28	0.268508
7	29	0.536222
7	30	0.372835
7	31	0.525673
7	32	0.354265
7	33	0.317835
7	34	0.140411
7	35	0.185854
7	36	0.493808
7	37	0.231619
7	38	0.402186
7	39	0.414826
7	40	0.00530373
7	41	0.403753
7	42	0.429269
7	43	0.02901
7	44	0.460162
7	45	0.319869
7	46	0.115095
7	47	0.282577
7	48	0.427181
7	49	0.409582
7	50	0.209739
7	51	0.342251
7	52	0.120078
7	53	0.375141
7	54	0.477728
7	55	0.385739
7	56	0.51922
7	57	0.470923
7	58	0.30134
7	59	0.521836
7	60	0.223572
7	61	0.513196
7	62	0.397218
7	63	0.320142
7	64	0.0992052
7	65	0.489049
7	66	0.382451
7	67	0.579571
7	68	0.276214
7	69	0.381059
7	70	0.0705722
7	71	0.476729
7	72	0.285062
7	73	0.129209
7	74	0.534285
7	75	0.246053
7	76	0.213709
7	77	0.424735
7	78	0.295525
7	79	0.608339
7	80	0.200717
7	81	0.430991
7	82	0.318045
7	83	0.268583
7	84	0.373057
7	85	0.392331
7	86	0.286862
7	87	0.345547
7	88	0.2884
7	89	0.309468
7	90	0.39155
7	91	0.352399
7	92	0.498755
7	93	0.612196
7	94	0.25373
7	95	0.289965
7	96	0.295263
7	97	0.261389
7	98	0.309067
7	99	0.342546
7	100	0.147698
8	1	0.576457
8	2	0.429757
8	3	0.52629
8	4	0.157148
8	5	0.100181
8	6	0.603229
8	7	0.516813
8	8	1
8	9	0.302122
8	10	0.5091
8	11	0.567399
8	12	0.40109
8	13	0.42208
8	14	0.665604
8	15	0.523274
8	16	0.487739
8	17	0.509689
8	18	0.268811
8	19	0.433278
8	20	0.627675
8	21	0.38383
8	22	0.387077
8	23	0.469902
8	24	0.212134
8	25	0.624903
8	26	0.43301
8	27	0.389527
8	28	0.361603
8	29	0.526867
8	30	0.494553
8	31	0.346188
8	32	0.297004
8	33	0.490593
8	34	0.155399
8	35	0.183594
8	36	0.415333
8	37	0.451926
8	38	0.317345
8	39	0.40208
8	40	0.0831977
8	41	0.293161
8	42	0.30257
8	43	0.0398185
8	44	0.616571
8	45	0.521379
8	46	0.128655
8	47	0.515102
8	48	0.377568
8	49	0.377126
8	50	0.189275
8	51	0.474512
8	52	0.128429
8	53	0.566252
8	54	0.712985
8	55	0.427845
8	56	0.491629
8	57	0.533054
8	58	0.470016
8	59	0.55156
8	60	0.495952
8	61	0.461563
8	62	0.0506914
8	63	0.585821
8	64	0.0111588
8	65	0.49334
8	66	0.315308
8	67	0.500018
8	68	0.325203
8	69	0.401703
8	70	0.0538145
8	71	0.483327
8	72	0.49544
8	73	0.0550159
8	74	0.50659
8	75	0.480802
8	76	0.268493
8	77	0.390752
8	78	0.341387
8	79	0.605543
8	80	0.0270325
8	81	0.425145
8	82	0.370042
8	83	0.421283
8	84	0.476081
8	85	0.519402
8	86	0.447972
8	87	0.363803
8	88	0.314388
8	89	0.535591
8	90	0.310671
8	91	0.459486
8	92	0.597453
8	93	0.444896
8	94	0.413847
8	95	0.104371
8	96	0.296059
8	97	0.246886
8	98	0.325396
8	99	0.257117
8	100	0.139973
9	1	0.247236
9	2	0.0932942
9	3	0.224157
9	4	0.0838689
9	5	0.28776
9	6	0.366655
9	7	0.416094
9	8	0.302122
9	9	1
9	10	0.21498
9	11	0.250707
9	12	0.231302
9	13	0.111196
9	14	0.30199
9	15	0.161451
9	16	0.256157
9	17	0.136534
9	18	0.363787
9	19	0.251695
9	20	0.241002
9	21	0.276832
9	22	0.596418
9	23	0.185512
9	24	0.316715
9	25	0.247351
9	26	0.493853
9	27	0.245362
9	28	0.616975
9	29	0.530323
9	30	0.324131
9	31	0.467908
9	32	0.340563
9	33	0.376966
9	34	0.323951
9	35	0.466514
9	36	0.22834
9	37	0.243666
9	38	0.204686
9	39	0.142422
9	40	0.250316
9	41	0.23422
9	42	0.214168
9	43	0.273301
9	44	0.308952
9	45	0.323527
9	46	0.319635
9	47	0.19842
9	48	0.44488
9	49	0.266727
9	50	0.295239
9	51	0.231528
9	52	0.294292
9	53	0.232665
9	54	0.340086
9	55	0.377686
9	56	0.340588
9	57	0.444085
9	58	0.215407
9	59	0.478045
9	60	0.116218
9	61	0.570232
9	62	0.321104
9	63	0.170213
9	64	0.0105455
9	65	0.323598
9	66	0.332643
9	67	0.374338
9	68	0.145613
9	69	0.44211
9	70	0.311573
9	71	0.280066
9	72	0.264249
9	73	0.018249
9	74	0.38972
9	75	0.138137
9	76	0.213886
9	77	0.228375
9	78	0.341801
9	79	0.350885
9	80	0.0234961
9	81	0.369529
9	82	0.239637
9	83	0.223647
9	84	0.189502
9	85	0.266769
9	86	0.132899
9	87	0.103807
9	88	0.359504
9	89	0.22618
9	90	0.245481
9	91	0.197932
9	92	0.263705
9	93	0.29919
9	94	0.418141
9	95	0.171538
9	96	0.297358
9	97	0.290831
9	98	0.259973
9	99	0.0939639
9	100	0.328903
10	1	0.798053
10	2	0.926157
10	3	0.815893
10	4	0.198202
10	5	0.0984512
10	6	0.497627
10	7	0.349264
10	8	0.5091
10	9	0.21498
10	10	1
10	11	0.752011
10	12	0.17595
10	13	0.918395
10	14	0.674144
10	15	0.913388
10	16	0.641883
10	17	0.896358
10	18	0.166561
10	19	0.750397
10	20	0.71968
10	21	0.568538
10	22	0.35036
10	23	0.899243
10	24	0.07524
10	25	0.403532
10	26	0.122569
10	27	0.168569
10	28	0.189634
10	29	0.194928
10	30	0.180659
10	31	0.167981
10	32	0.172709
10	33	0.702547
10	34	0.109558
10	35	0.132107
10	36	0.235718
10	37	0.918177
10	38	0.36111
10	39	0.0897892
10	40	0.0163695
10	41	0.562525
10	42	0.22778
10	43	0.0131863
10	44	0.889041
10	45	0.449303
10	46	0.0685344
10	47	0.92248
10	48	0.413517
10	49	0.162374
10	50	0.10719
10	51	0.184235
10	52	0.0944113
10	53	0.877652
10	54	0.598854
10	55	0.110637
10	56	0.662266
10	57	0.614609
10	58	0.314791
10	59	0.314197
10	60	0.921164
10	61	0.30295
10	62	0.0935528
10	63	0.874983
10	64	0.209006
10	65	0.176425
10	66	0.384781
10	67	0.559508
10	68	0.258004
10	69	0.18508
10	70	0.0212682
10	71	0.164974
10	72	0.332504
10	73	0.107112
10	74	0.315209
10	75	0.899711
10	76	0.100788
10	77	0.378124
10	78	0.363809
10	79	0.334242
10	80	0.0104739
10	81	0.300035
10	82	0.300998
10	83	0.139151
10	84	0.90638
10	85	0.629882
10	86	0.935899
10	87	0.19088
10	88	0.0896347
10	89	0.933143
10	90	0.113206
10	91	0.324629
10	92	0.861066
10	93	0.377131
10	94	0.217239
10	95	0.101386
10	96	0.312447
10	97	0.115309
10	98	0.188614
10	99	0.400561
10	100	0.111421
11	1	0.750157
11	2	0.664597
11	3	0.748362
11	4	0.163076
11	5	0.135001
11	6	0.557077
11	7	0.528276
11	8	0.567399
11	9	0.250707
11	10	0.752011
11	11	1
11	12	0.244796
11	13	0.654768
11	14	0.717957
11	15	0.702294
11	16	0.51265
11	17	0.754242
11	18	0.296875
11	19	0.677123
11	20	0.684623
11	21	0.521293
11	22	0.383913
11	23	0.730847
11	24	0.136232
11	25	0.509659
11	26	0.298756
11	27	0.20994
11	28	0.332537
11	29	0.37689
11	30	0.266298
11	31	0.395438
11	32	0.25131
11	33	0.638642
11	34	0.147333
11	35	0.296065
11	36	0.377138
11	37	0.652658
11	38	0.454602
11	39	0.36286
11	40	0.0299482
11	41	0.459512
11	42	0.430907
11	43	0.0287386
11	44	0.751364
11	45	0.512344
11	46	0.139738
11	47	0.739803
11	48	0.499742
11	49	0.339387
11	50	0.183465
11	51	0.382401
11	52	0.113903
11	53	0.728687
11	54	0.578254
11	55	0.265636
11	56	0.634935
11	57	0.574692
11	58	0.350795
11	59	0.440092
11	60	0.697956
11	61	0.408098
11	62	0.0955744
11	63	0.727053
11	64	0.113112
11	65	0.354749
11	66	0.380778
11	67	0.565315
11	68	0.268796
11	69	0.311363
11	70	0.0510061
11	71	0.483873
11	72	0.38011
11	73	0.132241
11	74	0.536847
11	75	0.747866
11	76	0.406166
11	77	0.488101
11	78	0.382042
11	79	0.41131
11	80	0.0353958
11	81	0.420987
11	82	0.310663
11	83	0.405067
11	84	0.743273
11	85	0.580206
11	86	0.726233
11	87	0.256414
11	88	0.204468
11	89	0.776195
11	90	0.424583
11	91	0.391462
11	92	0.827539
11	93	0.533243
11	94	0.424402
11	95	0.05996
11	96	0.394761
11	97	0.271812
11	98	0.306946
11	99	0.317201
11	100	0.161385
12	1	0.246328
12	2	0.00983267
12	3	0.313248
12	4	0.0775049
12	5	0.155792
12	6	0.434243
12	7	0.285722
12	8	0.40109
12	9	0.231302
12	10	0.17595
12	11	0.244796
12	12	1
12	13	0.00868961
12	14	0.375191
12	15	0.0887347
12	16	0.34349
12	17	0.129578
12	18	0.275624
12	19	0.347441
12	20	0.318199
12	21	0.15826
12	22	0.427282
12	23	0.100048
12	24	0.2552
12	25	0.377847
12	26	0.291364
12	27	0.304636
12	28	0.211149
12	29	0.33702
12	30	0.47691
12	31	0.318765
12	32	0.297449
12	33	0.14972
12	34	0.142701
12	35	0.270481
12	36	0.201533
12	37	0.0594425
12	38	0.254257
12	39	0.328395
12	40	0.177871
12	41	0.105207
12	42	0.265527
12	43	0.0209474
12	44	0.20606
12	45	0.566669
12	46	0.109521
12	47	0.143593
12	48	0.263025
12	49	0.252929
12	50	0.0754722
12	51	0.21286
12	52	0.0664748
12	53	0.0682789
12	54	0.336793
12	55	0.421038
12	56	0.227719
12	57	0.343431
12	58	0.35811
12	59	0.222681
12	60	0.0717492
12	61	0.34919
12	62	0.0394152
12	63	0.176596
12	64	0.0951484
12	65	0.211174
12	66	0.15597
12	67	0.237228
12	68	0.305231
12	69	0.300087
12	70	0.0482811
12	71	0.293533
12	72	0.256441
12	73	0.0771233
12	74	0.276242
12	75	0.0753648
12	76	0.290538
12	77	0.195837
12	78	0.493157
12	79	0.300893
12	80	0.114175
12	81	0.31688
12	82	0.155892
12	83	0.43069
12	84	0.0576623
12	85	0.45796
12	86	0.0853151
12	87	0.163198
12	88	0.39595
12	89	0.106782
12	90	0.257286
12	91	0.251333
12	92	0.213571
12	93	0.330806
12	94	0.284861
12	95	0
12	96	0.276242
12	97	0.253607
12	98	0.21798
12	99	0.0736399
12	100	0.111139
13	1	0.797021
13	2	0.997176
13	3	0.747514
13	4	0.093492
13	5	0.0041777
13	6	0.453751
13	7	0.185681
13	8	0.42208
13	9	0.111196
13	10	0.918395
13	11	0.654768
13	12	0.00868961
13	13	1
13	14	0.566887
13	15	0.951815
13	16	0.599114
13	17	0.89946
13	18	0.00836864
13	19	0.66703
13	20	0.575252
13	21	0.520265
13	22	0.171554
13	23	0.870044
13	24	0.0262027
13	25	0.305293
13	26	0.0301824
13	27	0.0149487
13	28	0.0316098
13	29	0.0489075
13	30	0.0299742
13	31	0.0761046
13	32	0.0200696
13	33	0.675145
13	34	0.00456516
13	35	0.0238654
13	36	0.158925
13	37	0.94044
13	38	0.191389
13	39	0.00906445
13	40	0.000274709
13	41	0.415028
13	42	0.140186
13	43	0.0197871
13	44	0.850883
13	45	0.31783
13	46	0.0384696
13	47	0.94747
13	48	0.294438
13	49	0.0130238
13	50	0.00611074
13	51	0.0669277
13	52	0.0198246
13	53	0.878443
13	54	0.523225
13	55	0.0133544
13	56	0.57597
13	57	0.48387
13	58	0.189098
13	59	0.160264
13	60	0.981276
13	61	0.178064
13	62	0.0557799
13	63	0.916388
13	64	0.00100513
13	65	0.0284968
13	66	0.224092
13	67	0.430323
13	68	0.110242
13	69	0.0220341
13	70	0.0150443
13	71	0.0264072
13	72	0.250542
13	73	0.0234374
13	74	0.176669
13	75	0.938055
13	76	0.016817
13	77	0.267698
13	78	0.231037
13	79	0.205275
13	80	0.0132926
13	81	0.15204
13	82	0.210368
13	83	0.014787
13	84	0.935907
13	85	0.566927
13	86	0.962847
13	87	0.082952
13	88	0.0176668
13	89	0.940951
13	90	0.0179383
13	91	0.194075
13	92	0.79086
13	93	0.252963
13	94	0.108422
13	95	0.0136469
13	96	0.173005
13	97	0.0365264
13	98	0.108206
13	99	0.309972
13	100	0.00559232
14	1	0.696812
14	2	0.576075
14	3	0.679019
14	4	0.269325
14	5	0.157519
14	6	0.61425
14	7	0.585925
14	8	0.665604
14	9	0.30199
14	10	0.674144
14	11	0.717957
14	12	0.375191
14	13	0.566887
14	14	1
14	15	0.670839
14	16	0.631082
14	17	0.646103
14	18	0.387083
14	19	0.744523
14	20	0.683728
14	21	0.532431
14	22	0.572644
14	23	0.729298
14	24	0.197061
14	25	0.461172
14	26	0.496416
14	27	0.405803
14	28	0.32214
14	29	0.492393
14	30	0.441621
14	31	0.394817
14	32	0.420643
14	33	0.695024
14	34	0.145238
14	35	0.459056
14	36	0.455293
14	37	0.615444
14	38	0.566943
14	39	0.395909
14	40	0.0469455
14	41	0.451073
14	42	0.42984
14	43	0.0565992
14	44	0.690938
14	45	0.620577
14	46	0.179189
14	47	0.646759
14	48	0.499504
14	49	0.449936
14	50	0.207261
14	51	0.317757
14	52	0.116396
14	53	0.666803
14	54	0.585965
14	55	0.396987
14	56	0.732402
14	57	0.623659
14	58	0.405653
14	59	0.426846
14	60	0.610183
14	61	0.583181
14	62	0.168897
14	63	0.655165
14	64	0.0517717
14	65	0.516689
14	66	0.407003
14	67	0.573946
14	68	0.465677
14	69	0.424684
14	70	0.0811809
14	71	0.596065
14	72	0.476711
14	73	0.104558
14	74	0.646168
14	75	0.632162
14	76	0.346509
14	77	0.54819
14	78	0.4914
14	79	0.597693
14	80	0.246794
14	81	0.479319
14	82	0.43502
14	83	0.404807
14	84	0.689246
14	85	0.684547
14	86	0.643248
14	87	0.374114
14	88	0.343264
14	89	0.687241
14	90	0.332141
14	91	0.48411
14	92	0.733056
14	93	0.637342
14	94	0.392598
14	95	0.253193
14	96	0.502082
14	97	0.234669
14	98	0.42758
14	99	0.377344
14	100	0.194983
15	1	0.803005
15	2	0.954689
15	3	0.765434
15	4	0.119463
15	5	0.0397166
15	6	0.513967
15	7	0.278547
15	8	0.523274
15	9	0.161451
15	10	0.913388
15	11	0.702294
15	12	0.0887347
15	13	0.951815
15	14	0.670839
15	15	1
15	16	0.635596
15	17	0.896838
15	18	0.138895
15	19	0.729088
15	20	0.602262
15	21	0.524497
15	22	0.216973
15	23	0.900361
15	24	0.0612036
15	25	0.369953
15	26	0.106911
15	27	0.112079
15	28	0.107842
15	29	0.177108
15	30	0.145924
15	31	0.162973
15	32	0.160022
15	33	0.695574
15	34	0.0227864
15	35	0.102015
15	36	0.216155
15	37	0.919937
15	38	0.287855
15	39	0.0731889
15	40	0.0018715
15	41	0.464256
15	42	0.198344
15	43	0.0392782
15	44	0.864797
15	45	0.37362
15	46	0.0751674
15	47	0.916478
15	48	0.354977
15	49	0.0562051
15	50	0.047284
15	51	0.127561
15	52	0.0394741
15	53	0.88278
15	54	0.585229
15	55	0.08038
15	56	0.677296
15	57	0.553908
15	58	0.2884
15	59	0.316765
15	60	0.947208
15	61	0.301815
15	62	0.0715766
15	63	0.913484
15	64	0.0510505
15	65	0.155137
15	66	0.314892
15	67	0.521928
15	68	0.220085
15	69	0.129826
15	70	0.042324
15	71	0.112667
15	72	0.405148
15	73	0.0344531
15	74	0.279764
15	75	0.905977
15	76	0.147837
15	77	0.325998
15	78	0.277538
15	79	0.320258
15	80	0.0308974
15	81	0.207799
15	82	0.299609
15	83	0.165594
15	84	0.931362
15	85	0.590902
15	86	0.918194
15	87	0.140772
15	88	0.123511
15	89	0.926126
15	90	0.12615
15	91	0.331443
15	92	0.846625
15	93	0.345422
15	94	0.20294
15	95	0.0550946
15	96	0.306776
15	97	0.0943226
15	98	0.192974
15	99	0.321188
15	100	0.059008
16	1	0.66522
16	2	0.601544
16	3	0.600189
16	4	0.159106
16	5	0.143648
16	6	0.560765
16	7	0.368347
16	8	0.487739
16	9	0.256157
16	10	0.641883
16	11	0.51265
16	12	0.34349
16	13	0.599114
16	14	0.631082
16	15	0.635596
16	16	1
16	17	0.64301
16	18	0.191525
16	19	0.556627
16	20	0.528268
16	21	0.375736
16	22	0.459108
16	23	0.63946
16	24	0.120952
16	25	0.393835
16	26	0.315305
16	27	0.245361
16	28	0.175379
16	29	0.256705
16	30	0.34558
16	31	0.38337
16	32	0.143391
16	33	0.59821
16	34	0.0961674
16	35	0.19518
16	36	0.413557
16	37	0.608105
16	38	0.318847
16	39	0.225601
16	40	0.00477418
16	41	0.416703
16	42	0.339534
16	43	0.070325
16	44	0.632064
16	45	0.437413
16	46	0.132062
16	47	0.634801
16	48	0.336463
16	49	0.166504
16	50	0.204531
16	51	0.21743
16	52	0.100467
16	53	0.631617
16	54	0.550701
16	55	0.178167
16	56	0.65433
16	57	0.734767
16	58	0.316462
16	59	0.286906
16	60	0.600891
16	61	0.395463
16	62	0.396609
16	63	0.614189
16	64	0.0105185
16	65	0.223445
16	66	0.334702
16	67	0.380409
16	68	0.388326
16	69	0.338084
16	70	0.116203
16	71	0.352311
16	72	0.475779
16	73	0.140516
16	74	0.343302
16	75	0.614994
16	76	0.250566
16	77	0.313746
16	78	0.404915
16	79	0.380416
16	80	0.029946
16	81	0.281357
16	82	0.424277
16	83	0.324767
16	84	0.62217
16	85	0.550196
16	86	0.629736
16	87	0.331702
16	88	0.351132
16	89	0.64443
16	90	0.138556
16	91	0.405427
16	92	0.6508
16	93	0.495656
16	94	0.296915
16	95	0.187394
16	96	0.428205
16	97	0.10294
16	98	0.247489
16	99	0.298239
16	100	0.126641
17	1	0.818868
17	2	0.90753
17	3	0.751613
17	4	0.216212
17	5	0.0320836
17	6	0.521264
17	7	0.337735
17	8	0.509689
17	9	0.136534
17	10	0.896358
17	11	0.754242
17	12	0.129578
17	13	0.89946
17	14	0.646103
17	15	0.896838
17	16	0.64301
17	17	1
17	18	0.155096
17	19	0.702891
17	20	0.654281
17	21	0.575389
17	22	0.256558
17	23	0.848186
17	24	0.0588606
17	25	0.403068
17	26	0.134086
17	27	0.181238
17	28	0.128564
17	29	0.182922
17	30	0.137493
17	31	0.172139
17	32	0.137146
17	33	0.676091
17	34	0.0437295
17	35	0.146993
17	36	0.286633
17	37	0.872977
17	38	0.302532
17	39	0.0910262
17	40	0.00140036
17	41	0.632171
17	42	0.268714
17	43	0.0131144
17	44	0.853766
17	45	0.422776
17	46	0.0495072
17	47	0.908042
17	48	0.375203
17	49	0.116817
17	50	0.0695966
17	51	0.164629
17	52	0.0468645
17	53	0.839631
17	54	0.546634
17	55	0.119357
17	56	0.649928
17	57	0.642529
17	58	0.306841
17	59	0.320161
17	60	0.896159
17	61	0.251691
17	62	0.144605
17	63	0.874276
17	64	0.135228
17	65	0.193211
17	66	0.331594
17	67	0.506186
17	68	0.19895
17	69	0.106988
17	70	0.024546
17	71	0.181248
17	72	0.346323
17	73	0.0339536
17	74	0.284093
17	75	0.871963
17	76	0.0897157
17	77	0.373265
17	78	0.334914
17	79	0.358023
17	80	0.0402898
17	81	0.256601
17	82	0.341356
17	83	0.251697
17	84	0.883996
17	85	0.573592
17	86	0.880218
17	87	0.218457
17	88	0.113983
17	89	0.885267
17	90	0.2245
17	91	0.267606
17	92	0.86289
17	93	0.396179
17	94	0.246606
17	95	0.120331
17	96	0.291819
17	97	0.138911
17	98	0.157473
17	99	0.401688
17	100	0.0588359
18	1	0.139668
18	2	0.0288176
18	3	0.248604
18	4	0.0573132
18	5	0.17198
18	6	0.361182
18	7	0.246203
18	8	0.268811
18	9	0.363787
18	10	0.166561
18	11	0.296875
18	12	0.275624
18	13	0.00836864
18	14	0.387083
18	15	0.138895
18	16	0.191525
18	17	0.155096
18	18	1
18	19	0.302363
18	20	0.254611
18	21	0.239912
18	22	0.299075
18	23	0.196879
18	24	0.292112
18	25	0.267302
18	26	0.433374
18	27	0.283082
18	28	0.412112
18	29	0.380424
18	30	0.372376
18	31	0.288449
18	32	0.486986
18	33	0.423667
18	34	0.129795
18	35	0.302792
18	36	0.320786
18	37	0.0614089
18	38	0.236079
18	39	0.144822
18	40	0.214015
18	41	0.35725
18	42	0.252302
18	43	0.0274716
18	44	0.278458
18	45	0.416317
18	46	0.120451
18	47	0.109589
18	48	0.311733
18	49	0.242162
18	50	0.205939
18	51	0.278797
18	52	0.111251
18	53	0.181875
18	54	0.239961
18	55	0.320769
18	56	0.421712
18	57	0.386354
18	58	0.476781
18	59	0.386329
18	60	0.0374361
18	61	0.423479
18	62	0.0324799
18	63	0.0983417
18	64	0.0096159
18	65	0.353109
18	66	0.255911
18	67	0.298762
18	68	0.35928
18	69	0.272947
18	70	0.059085
18	71	0.361375
18	72	0.342097
18	73	0.193796
18	74	0.493926
18	75	0.0613331
18	76	0.207474
18	77	0.466206
18	78	0.378028
18	79	0.435861
18	80	0.0303176
18	81	0.398529
18	82	0.283587
18	83	0.405604
18	84	0.0764047
18	85	0.236771
18	86	0.0475097
18	87	0.174827
18	88	0.350459
18	89	0.150219
18	90	0.468033
18	91	0.515263
18	92	0.31995
18	93	0.325962
18	94	0.438474
18	95	0.0545089
18	96	0.283471
18	97	0.427332
18	98	0.292678
18	99	0.101142
18	100	0.211313
19	1	0.688073
19	2	0.670623
19	3	0.782475
19	4	0.305042
19	5	0.206105
19	6	0.518935
19	7	0.392733
19	8	0.433278
19	9	0.251695
19	10	0.750397
19	11	0.677123
19	12	0.347441
19	13	0.66703
19	14	0.744523
19	15	0.729088
19	16	0.556627
19	17	0.702891
19	18	0.302363
19	19	1
19	20	0.518204
19	21	0.597381
19	22	0.35729
19	23	0.819245
19	24	0.241871
19	25	0.343191
19	26	0.227805
19	27	0.305769
19	28	0.193339
19	29	0.294158
19	30	0.276038
19	31	0.301965
19	32	0.274728
19	33	0.639317
19	34	0.168211
19	35	0.278315
19	36	0.291511
19	37	0.663779
19	38	0.58034
19	39	0.266228
19	40	0.114758
19	41	0.500372
19	42	0.289446
19	43	0.0124121
19	44	0.729403
19	45	0.581159
19	46	0.140892
19	47	0.697026
19	48	0.441698
19	49	0.268516
19	50	0.25319
19	51	0.188014
19	52	0.173323
19	53	0.715546
19	54	0.552412
19	55	0.340778
19	56	0.595888
19	57	0.562244
19	58	0.416543
19	59	0.288938
19	60	0.6866
19	61	0.396374
19	62	0.0690965
19	63	0.689464
19	64	0.0404048
19	65	0.255439
19	66	0.370124
19	67	0.565688
19	68	0.396473
19	69	0.15929
19	70	0.031313
19	71	0.217192
19	72	0.400743
19	73	0.0492566
19	74	0.558457
19	75	0.70745
19	76	0.27431
19	77	0.35421
19	78	0.397106
19	79	0.475604
19	80	0.0218655
19	81	0.453528
19	82	0.356743
19	83	0.318039
19	84	0.756355
19	85	0.677585
19	86	0.699443
19	87	0.321099
19	88	0.246787
19	89	0.711917
19	90	0.185736
19	91	0.411668
19	92	0.720207
19	93	0.485816
19	94	0.248136
19	95	0.238583
19	96	0.39102
19	97	0.254739
19	98	0.271084
19	99	0.418205
19	100	0.210378
20	1	0.547169
20	2	0.591343
20	3	0.620355
20	4	0.0957705
20	5	0.0596761
20	6	0.445954
20	7	0.449304
20	8	0.627675
20	9	0.241002
20	10	0.71968
20	11	0.684623
20	12	0.318199
20	13	0.575252
20	14	0.683728
20	15	0.602262
20	16	0.528268
20	17	0.654281
20	18	0.254611
20	19	0.518204
20	20	1
20	21	0.399751
20	22	0.477393
20	23	0.615499
20	24	0.183374
20	25	0.419939
20	26	0.22487
20	27	0.234699
20	28	0.288576
20	29	0.422984
20	30	0.25177
20	31	0.254824
20	32	0.276918
20	33	0.498834
20	34	0.157674
20	35	0.265777
20	36	0.278162
20	37	0.563406
20	38	0.330289
20	39	0.193908
20	40	0.0770203
20	41	0.428225
20	42	0.394714
20	43	0.0586417
20	44	0.683857
20	45	0.531094
20	46	0.132043
20	47	0.673231
20	48	0.352034
20	49	0.319918
20	50	0.0817011
20	51	0.164065
20	52	0.0754152
20	53	0.590256
20	54	0.464244
20	55	0.289834
20	56	0.559652
20	57	0.581143
20	58	0.316874
20	59	0.337483
20	60	0.601859
20	61	0.375101
20	62	0.0840235
20	63	0.630475
20	64	0.0491076
20	65	0.266011
20	66	0.262202
20	67	0.379284
20	68	0.252675
20	69	0.48537
20	70	0.0904673
20	71	0.419827
20	72	0.297593
20	73	0.0435476
20	74	0.333289
20	75	0.600292
20	76	0.218405
20	77	0.351763
20	78	0.284053
20	79	0.347441
20	80	0.0193879
20	81	0.325246
20	82	0.348767
20	83	0.265713
20	84	0.600169
20	85	0.500975
20	86	0.680044
20	87	0.391023
20	88	0.196339
20	89	0.719463
20	90	0.211675
20	91	0.343766
20	92	0.651703
20	93	0.553576
20	94	0.338418
20	95	0.0681187
20	96	0.260702
20	97	0.16789
20	98	0.212373
20	99	0.250102
20	100	0.162318
21	1	0.525357
21	2	0.511619
21	3	0.545322
21	4	0.308245
21	5	0.101995
21	6	0.414774
21	7	0.261792
21	8	0.38383
21	9	0.276832
21	10	0.568538
21	11	0.521293
21	12	0.15826
21	13	0.520265
21	14	0.532431
21	15	0.524497
21	16	0.375736
21	17	0.575389
21	18	0.239912
21	19	0.597381
21	20	0.399751
21	21	1
21	22	0.367328
21	23	0.506078
21	24	0.247889
21	25	0.409286
21	26	0.15913
21	27	0.399469
21	28	0.428845
21	29	0.150438
21	30	0.333611
21	31	0.142289
21	32	0.163976
21	33	0.622644
21	34	0.0542532
21	35	0.374283
21	36	0.175421
21	37	0.53146
21	38	0.359634
21	39	0.207888
21	40	0.103364
21	41	0.447702
21	42	0.190617
21	43	0.0197881
21	44	0.553457
21	45	0.58321
21	46	0.0523384
21	47	0.583276
21	48	0.485643
21	49	0.293544
21	50	0.113869
21	51	0.454555
21	52	0.086407
21	53	0.628283
21	54	0.475564
21	55	0.459411
21	56	0.507143
21	57	0.461512
21	58	0.451754
21	59	0.201008
21	60	0.522861
21	61	0.420849
21	62	0.085624
21	63	0.529115
21	64	0.106523
21	65	0.274791
21	66	0.234255
21	67	0.476517
21	68	0.177122
21	69	0.12292
21	70	0.0356579
21	71	0.165172
21	72	0.309524
21	73	0.0279263
21	74	0.32334
21	75	0.570835
21	76	0.183145
21	77	0.395643
21	78	0.377964
21	79	0.426811
21	80	0.0268482
21	81	0.177072
21	82	0.190976
21	83	0.303005
21	84	0.599815
21	85	0.525903
21	86	0.551654
21	87	0.359867
21	88	0.296471
21	89	0.597337
21	90	0.278693
21	91	0.287062
21	92	0.586128
21	93	0.411921
21	94	0.381466
21	95	0.39123
21	96	0.369923
21	97	0.27169
21	98	0.162631
21	99	0.390255
21	100	0.0655857
22	1	0.423234
22	2	0.168883
22	3	0.333592
22	4	0.3113
22	5	0.0994397
22	6	0.378629
22	7	0.53141
22	8	0.387077
22	9	0.596418
22	10	0.35036
22	11	0.383913
22	12	0.427282
22	13	0.171554
22	14	0.572644
22	15	0.216973
22	16	0.459108
22	17	0.256558
22	18	0.299075
22	19	0.35729
22	20	0.477393
22	21	0.367328
22	22	1
22	23	0.266827
22	24	0.234034
22	25	0.306583
22	26	0.517344
22	27	0.384298
22	28	0.489318
22	29	0.42674
22	30	0.427607
22	31	0.46953
22	32	0.380578
22	33	0.393838
22	34	0.168319
22	35	0.488957
22	36	0.357402
22	37	0.302764
22	38	0.392811
22	39	0.285831
22	40	0.0938202
22	41	0.341864
22	42	0.304019
22	43	0.0527466
22	44	0.3915
22	45	0.538423
22	46	0.123363
22	47	0.28444
22	48	0.387107
22	49	0.317474
22	50	0.105104
22	51	0.179343
22	52	0.0689678
22	53	0.314125
22	54	0.435803
22	55	0.314472
22	56	0.441406
22	57	0.517601
22	58	0.346929
22	59	0.245504
22	60	0.2132
22	61	0.640593
22	62	0.448975
22	63	0.274164
22	64	0.0192401
22	65	0.260667
22	66	0.290674
22	67	0.400254
22	68	0.250042
22	69	0.368742
22	70	0.114303
22	71	0.495492
22	72	0.396408
22	73	0.150795
22	74	0.484985
22	75	0.247196
22	76	0.205899
22	77	0.313131
22	78	0.62361
22	79	0.473348
22	80	0.0431282
22	81	0.306454
22	82	0.217099
22	83	0.313827
22	84	0.255032
22	85	0.508534
22	86	0.264901
22	87	0.289773
22	88	0.311279
22	89	0.315259
22	90	0.188108
22	91	0.272232
22	92	0.335038
22	93	0.501478
22	94	0.302614
22	95	0.39121
22	96	0.382234
22	97	0.225831
22	98	0.35235
22	99	0.334531
22	100	0.162644
23	1	0.79713
23	2	0.874671
23	3	0.780536
23	4	0.129063
23	5	0.0801275
23	6	0.480688
23	7	0.370963
23	8	0.469902
23	9	0.185512
23	10	0.899243
23	11	0.730847
23	12	0.100048
23	13	0.870044
23	14	0.729298
23	15	0.900361
23	16	0.63946
23	17	0.848186
23	18	0.196879
23	19	0.819245
23	20	0.615499
23	21	0.506078
23	22	0.266827
23	23	1
23	24	0.0801782
23	25	0.383401
23	26	0.196022
23	27	0.090695
23	28	0.105226
23	29	0.229451
23	30	0.164415
23	31	0.256615
23	32	0.131558
23	33	0.668407
23	34	0.0542558
23	35	0.121834
23	36	0.304441
23	37	0.863463
23	38	0.411804
23	39	0.122742
23	40	0.0019656
23	41	0.512066
23	42	0.233957
23	43	0.0369012
23	44	0.810518
23	45	0.393913
23	46	0.112103
23	47	0.851928
23	48	0.423028
23	49	0.225559
23	50	0.184297
23	51	0.127295
23	52	0.0682432
23	53	0.833658
23	54	0.56052
23	55	0.137193
23	56	0.69164
23	57	0.581007
23	58	0.254118
23	59	0.342167
23	60	0.872287
23	61	0.331306
23	62	0.16948
23	63	0.845496
23	64	0.176258
23	65	0.220045
23	66	0.450364
23	67	0.529729
23	68	0.333304
23	69	0.169342
23	70	0.0428722
23	71	0.212775
23	72	0.357833
23	73	0.0582667
23	74	0.420056
23	75	0.866802
23	76	0.183743
23	77	0.37231
23	78	0.341984
23	79	0.345719
23	80	0.0165491
23	81	0.280743
23	82	0.269754
23	83	0.147205
23	84	0.888689
23	85	0.613805
23	86	0.867691
23	87	0.218235
23	88	0.125713
23	89	0.875386
23	90	0.0790681
23	91	0.384703
23	92	0.844578
23	93	0.425882
23	94	0.243882
23	95	0.055998
23	96	0.363578
23	97	0.0911433
23	98	0.23084
23	99	0.307295
23	100	0.0812018
24	1	0.106984
24	2	0.0280023
24	3	0.184978
24	4	0.0632181
24	5	0.0563129
24	6	0.443702
24	7	0.153258
24	8	0.212134
24	9	0.316715
24	10	0.07524
24	11	0.136232
24	12	0.2552
24	13	0.0262027
24	14	0.197061
24	15	0.0612036
24	16	0.120952
24	17	0.0588606
24	18	0.292112
24	19	0.241871
24	20	0.183374
24	21	0.247889
24	22	0.234034
24	23	0.0801782
24	24	1
24	25	0.126181
24	26	0.135553
24	27	0.173353
24	28	0.0910044
24	29	0.16441
24	30	0.170238
24	31	0.20291
24	32	0.088038
24	33	0.195426
24	34	0.0375365
24	35	0.0799927
24	36	0.102234
24	37	0.0666394
24	38	0.120251
24	39	0.182188
24	40	0.935653
24	41	0.118135
24	42	0.165382
24	43	0.0237236
24	44	0.245033
24	45	0.215506
24	46	0.119781
24	47	0.126911
24	48	0.113819
24	49	0.198221
24	50	0.0718501
24	51	0.121587
24	52	0.0436501
24	53	0.0878003
24	54	0.205189
24	55	0.634671
24	56	0.21033
24	57	0.270803
24	58	0.266999
24	59	0.146463
24	60	0.0590599
24	61	0.170478
24	62	0.0664865
24	63	0.0793978
24	64	0.0142524
24	65	0.154646
24	66	0.113099
24	67	0.0968851
24	68	0.0493068
24	69	0.149198
24	70	0.0517496
24	71	0.160133
24	72	0.131456
24	73	0.0108439
24	74	0.2095
24	75	0.0634208
24	76	0.133743
24	77	0.19476
24	78	0.106186
24	79	0.188384
24	80	0.0245006
24	81	0.0959737
24	82	0.139531
24	83	0.162584
24	84	0.085757
24	85	0.148269
24	86	0.0465393
24	87	0.223753
24	88	0.56316
24	89	0.16187
24	90	0.069085
24	91	0.119295
24	92	0.11776
24	93	0.146362
24	94	0.589272
24	95	0.0740588
24	96	0.405455
24	97	0.854788
24	98	0.192886
24	99	0.031945
24	100	0.0740313
25	1	0.424154
25	2	0.298031
25	3	0.510571
25	4	0.121521
25	5	0.123416
25	6	0.496201
25	7	0.34064
25	8	0.624903
25	9	0.247351
25	10	0.403532
25	11	0.509659
25	12	0.377847
25	13	0.305293
25	14	0.461172
25	15	0.369953
25	16	0.393835
25	17	0.403068
25	18	0.267302
25	19	0.343191
25	20	0.419939
25	21	0.409286
25	22	0.306583
25	23	0.383401
25	24	0.126181
25	25	1
25	26	0.399631
25	27	0.35628
25	28	0.51102
25	29	0.422384
25	30	0.540351
25	31	0.306423
25	32	0.399735
25	33	0.373369
25	34	0.122201
25	35	0.309877
25	36	0.287937
25	37	0.359002
25	38	0.450229
25	39	0.270915
25	40	0.041001
25	41	0.289572
25	42	0.33336
25	43	0.0302362
25	44	0.417621
25	45	0.441954
25	46	0.0813715
25	47	0.36838
25	48	0.584706
25	49	0.355028
25	50	0.181938
25	51	0.476567
25	52	0.135014
25	53	0.434129
25	54	0.537764
25	55	0.410818
25	56	0.468973
25	57	0.475803
25	58	0.467018
25	59	0.516756
25	60	0.394843
25	61	0.482851
25	62	0.116356
25	63	0.425665
25	64	0.135418
25	65	0.476976
25	66	0.377516
25	67	0.504374
25	68	0.348253
25	69	0.469555
25	70	0.0397694
25	71	0.459663
25	72	0.460447
25	73	0.220367
25	74	0.325145
25	75	0.365172
25	76	0.203713
25	77	0.379849
25	78	0.409299
25	79	0.458556
25	80	0.0385635
25	81	0.304061
25	82	0.280773
25	83	0.472339
25	84	0.40861
25	85	0.402058
25	86	0.388368
25	87	0.366283
25	88	0.40523
25	89	0.429026
25	90	0.317244
25	91	0.344338
25	92	0.547569
25	93	0.483615
25	94	0.443231
25	95	0.140109
25	96	0.321874
25	97	0.214869
25	98	0.269641
25	99	0.257272
25	100	0.173549
26	1	0.250054
26	2	0.0234808
26	3	0.22511
26	4	0.160803
26	5	0.206504
26	6	0.453823
26	7	0.46099
26	8	0.43301
26	9	0.493853
26	10	0.122569
26	11	0.298756
26	12	0.291364
26	13	0.0301824
26	14	0.496416
26	15	0.106911
26	16	0.315305
26	17	0.134086
26	18	0.433374
26	19	0.227805
26	20	0.22487
26	21	0.15913
26	22	0.517344
26	23	0.196022
26	24	0.135553
26	25	0.399631
26	26	1
26	27	0.399196
26	28	0.410518
26	29	0.628971
26	30	0.517301
26	31	0.451558
26	32	0.484514
26	33	0.327429
26	34	0.190364
26	35	0.407166
26	36	0.53003
26	37	0.144442
26	38	0.260646
26	39	0.297179
26	40	0.023373
26	41	0.263404
26	42	0.409355
26	43	0.353555
26	44	0.17282
26	45	0.347628
26	46	0.41296
26	47	0.132183
26	48	0.313758
26	49	0.5165
26	50	0.307341
26	51	0.33517
26	52	0.201221
26	53	0.149506
26	54	0.252077
26	55	0.385086
26	56	0.295186
26	57	0.419152
26	58	0.39628
26	59	0.344252
26	60	0.0751213
26	61	0.487669
26	62	0.429165
26	63	0.165517
26	64	0.056098
26	65	0.500916
26	66	0.398524
26	67	0.355044
26	68	0.251844
26	69	0.467246
26	70	0.397991
26	71	0.468879
26	72	0.406112
26	73	0.0760735
26	74	0.573145
26	75	0.124287
26	76	0.330986
26	77	0.462745
26	78	0.431543
26	79	0.475249
26	80	0.107543
26	81	0.347828
26	82	0.278229
26	83	0.416049
26	84	0.14688
26	85	0.338086
26	86	0.0775992
26	87	0.302754
26	88	0.346031
26	89	0.151229
26	90	0.298797
26	91	0.234663
26	92	0.293314
26	93	0.475547
26	94	0.416419
26	95	0.233876
26	96	0.399011
26	97	0.161091
26	98	0.468491
26	99	0.173625
26	100	0.319622
27	1	0.116946
27	2	0.0299538
27	3	0.211702
27	4	0.56962
27	5	0.286845
27	6	0.355215
27	7	0.373034
27	8	0.389527
27	9	0.245362
27	10	0.168569
27	11	0.20994
27	12	0.304636
27	13	0.0149487
27	14	0.405803
27	15	0.112079
27	16	0.245361
27	17	0.181238
27	18	0.283082
27	19	0.305769
27	20	0.234699
27	21	0.399469
27	22	0.384298
27	23	0.090695
27	24	0.173353
27	25	0.35628
27	26	0.399196
27	27	1
27	28	0.337698
27	29	0.315722
27	30	0.578293
27	31	0.204886
27	32	0.415528
27	33	0.208503
27	34	0.220357
27	35	0.201016
27	36	0.299297
27	37	0.0793317
27	38	0.518677
27	39	0.194885
27	40	0.00637871
27	41	0.417563
27	42	0.244454
27	43	0.0277301
27	44	0.167566
27	45	0.376098
27	46	0.0874754
27	47	0.146099
27	48	0.405838
27	49	0.27808
27	50	0.248309
27	51	0.373507
27	52	0.227733
27	53	0.184655
27	54	0.216191
27	55	0.43788
27	56	0.347125
27	57	0.335103
27	58	0.487869
27	59	0.339183
27	60	0.0679685
27	61	0.438362
27	62	0.103447
27	63	0.103517
27	64	0.0567165
27	65	0.380975
27	66	0.32581
27	67	0.3669
27	68	0.239102
27	69	0.334172
27	70	0.0495111
27	71	0.267101
27	72	0.449977
27	73	0.0370542
27	74	0.327981
27	75	0.121181
27	76	0.246462
27	77	0.257576
27	78	0.432477
27	79	0.488868
27	80	0.0378021
27	81	0.281938
27	82	0.465858
27	83	0.481688
27	84	0.167295
27	85	0.470771
27	86	0.0827438
27	87	0.482955
27	88	0.558634
27	89	0.129375
27	90	0.228417
27	91	0.266676
27	92	0.23094
27	93	0.343716
27	94	0.236497
27	95	0.586816
27	96	0.299622
27	97	0.216492
27	98	0.203279
27	99	0.543961
27	100	0.319714
28	1	0.156036
28	2	0.0190314
28	3	0.188577
28	4	0.0946728
28	5	0.158309
28	6	0.287849
28	7	0.268508
28	8	0.361603
28	9	0.616975
28	10	0.189634
28	11	0.332537
28	12	0.211149
28	13	0.0316098
28	14	0.32214
28	15	0.107842
28	16	0.175379
28	17	0.128564
28	18	0.412112
28	19	0.193339
28	20	0.288576
28	21	0.428845
28	22	0.489318
28	23	0.105226
28	24	0.0910044
28	25	0.51102
28	26	0.410518
28	27	0.337698
28	28	1
28	29	0.34141
28	30	0.398313
28	31	0.18367
28	32	0.343274
28	33	0.365856
28	34	0.192865
28	35	0.607087
28	36	0.186504
28	37	0.176414
28	38	0.262977
28	39	0.182018
28	40	0.00221636
28	41	0.22603
28	42	0.391015
28	43	0.0267309
28	44	0.184604
28	45	0.347223
28	46	0.0607887
28	47	0.148787
