1	1	1
1	2	0.269689
1	3	0.697887
1	4	0.660259
1	5	0.111831
1	6	0.640062
1	7	0.0930701
1	8	0.222879
1	9	0.291202
1	10	0.941209
1	11	0.605134
1	12	0.0886426
1	13	0.295474
1	14	0.532958
1	15	0.91558
1	16	0.734503
1	17	0.897263
1	18	0.171653
1	19	0.782267
1	20	0.573311
1	21	0.434862
1	22	0.601217
1	23	0.742841
1	24	0.0941024
1	25	0.37103
1	26	0.216774
1	27	0.154199
1	28	0.148509
1	29	0.114174
1	30	0.16581
1	31	0.124186
1	32	0.106728
1	33	0.52572
1	34	0.0751344
1	35	0.406508
1	36	0.309675
1	37	0.927166
1	38	0.119204
1	39	0.2275
1	40	0.0283861
1	41	0.718847
1	42	0.396799
1	43	0.0590132
1	44	0.897726
1	45	0.557683
1	46	0.0794939
1	47	0.898524
1	48	0.277178
1	49	0.0945103
1	50	0.0684726
1	51	0.124656
1	52	0.0938826
1	53	0.799466
1	54	0.863206
1	55	0.119943
1	56	0.646608
1	57	0.333082
1	58	0.105659
1	59	0.269692
1	60	0.924106
1	61	0.305976
1	62	0.190313
1	63	0.929532
1	64	0.035727
1	65	0.165893
1	66	0.325873
1	67	0.626289
1	68	0.57974
1	69	0.0644215
1	70	0.0505145
1	71	0.17697
1	72	0.358959
1	73	0.0469207
1	74	0.215554
1	75	0.957161
1	76	0.10061
1	77	0.423707
1	78	0.539395
1	79	0.17931
1	80	0.0366533
1	81	0.0566361
1	82	0.263407
1	83	0.317887
1	84	0.913924
1	85	0.619564
1	86	0.896058
1	87	0.08086
1	88	0.199382
1	89	0.887414
1	90	0.229823
1	91	0.168242
1	92	0.855677
1	93	0.286915
1	94	0.162416
1	95	0.259913
1	96	0.111218
1	97	0.0761533
1	98	0.067044
1	99	0.779269
1	100	0.0745051
2	1	0.269689
2	2	1
2	3	0.206679
2	4	0.179491
2	5	0.0455667
2	6	0.337111
2	7	0.0961261
2	8	0.0625421
2	9	0.0802551
2	10	0.2731
2	11	0.160008
2	12	0.0145187
2	13	0.99648
2	14	0.164089
2	15	0.261497
2	16	0.249757
2	17	0.296028
2	18	0.0795065
2	19	0.22618
2	20	0.146699
2	21	0.108457
2	22	0.194023
2	23	0.210734
2	24	0.0400346
2	25	0.11541
2	26	0.0322069
2	27	0.122794
2	28	0.109295
2	29	0.0969162
2	30	0.0710344
2	31	0.082594
2	32	0.109136
2	33	0.200033
2	34	0.0358717
2	35	0.0852832
2	36	0.0749631
2	37	0.268952
2	38	0.12081
2	39	0.0518154
2	40	0.00298385
2	41	0.188335
2	42	0.141267
2	43	0.00479371
2	44	0.255262
2	45	0.139629
2	46	0.0452135
2	47	0.262989
2	48	0.0883628
2	49	0.0162444
2	50	0.00760921
2	51	0.0343321
2	52	0.0327046
2	53	0.222205
2	54	0.352919
2	55	0.0116334
2	56	0.184192
2	57	0.133007
2	58	0.110152
2	59	0.160033
2	60	0.269105
2	61	0.0769481
2	62	0.0489617
2	63	0.264679
2	64	0.00797647
2	65	0.0208909
2	66	0.0650197
2	67	0.166911
2	68	0.172852
2	69	0.103013
2	70	0.0252124
2	71	0.11345
2	72	0.0893688
2	73	0.0114618
2	74	0.122138
2	75	0.274185
2	76	0.0187404
2	77	0.180757
2	78	0.18142
2	79	0.0291515
2	80	0.0516512
2	81	0.00717135
2	82	0.364336
2	83	0.146143
2	84	0.312962
2	85	0.211684
2	86	0.286054
2	87	0.0887347
2	88	0.189996
2	89	0.366704
2	90	0.059509
2	91	0.423801
2	92	0.302132
2	93	0.156414
2	94	0.110704
2	95	0.0669047
2	96	0.0915369
2	97	0.0133711
2	98	0.180762
2	99	0.21941
2	100	0.0460074
3	1	0.697887
3	2	0.206679
3	3	1
3	4	0.516269
3	5	0.27373
3	6	0.538644
3	7	0.212014
3	8	0.412034
3	9	0.427164
3	10	0.671055
3	11	0.563037
3	12	0.215422
3	13	0.208094
3	14	0.535036
3	15	0.742496
3	16	0.66164
3	17	0.655841
3	18	0.37933
3	19	0.617837
3	20	0.574945
3	21	0.452328
3	22	0.536719
3	23	0.572013
3	24	0.1778
3	25	0.397875
3	26	0.368283
3	27	0.330284
3	28	0.342332
3	29	0.336232
3	30	0.440436
3	31	0.490198
3	32	0.202815
3	33	0.571497
3	34	0.19581
3	35	0.473537
3	36	0.420859
3	37	0.663942
3	38	0.24069
3	39	0.255012
3	40	0.00237617
3	41	0.573991
3	42	0.51346
3	43	0.0308302
3	44	0.682948
3	45	0.595754
3	46	0.0967005
3	47	0.676742
3	48	0.374792
3	49	0.370812
3	50	0.190713
3	51	0.22626
3	52	0.238281
3	53	0.67385
3	54	0.681798
3	55	0.266581
3	56	0.604982
3	57	0.409677
3	58	0.382313
3	59	0.250035
3	60	0.684244
3	61	0.504939
3	62	0.145565
3	63	0.719388
3	64	0.0126502
3	65	0.339092
3	66	0.391109
3	67	0.498724
3	68	0.627272
3	69	0.178199
3	70	0.0421832
3	71	0.427418
3	72	0.37578
3	73	0.29794
3	74	0.452594
3	75	0.719061
3	76	0.272644
3	77	0.438182
3	78	0.548235
3	79	0.467608
3	80	0.185879
3	81	0.204503
3	82	0.428653
3	83	0.48744
3	84	0.777024
3	85	0.60789
3	86	0.722292
3	87	0.182058
3	88	0.368739
3	89	0.730544
3	90	0.420461
3	91	0.218748
3	92	0.711321
3	93	0.546933
3	94	0.332955
3	95	0.324782
3	96	0.341682
3	97	0.120646
3	98	0.330649
3	99	0.652354
3	100	0.192613
4	1	0.660259
4	2	0.179491
4	3	0.516269
4	4	1
4	5	0.0854403
4	6	0.554358
4	7	0.321981
4	8	0.360036
4	9	0.34933
4	10	0.630678
4	11	0.509281
4	12	0.17379
4	13	0.1922
4	14	0.501668
4	15	0.676779
4	16	0.667102
4	17	0.666838
4	18	0.374911
4	19	0.640757
4	20	0.503595
4	21	0.43668
4	22	0.55899
4	23	0.680405
4	24	0.192124
4	25	0.46395
4	26	0.342664
4	27	0.33915
4	28	0.399376
4	29	0.442192
4	30	0.309938
4	31	0.295473
4	32	0.362074
4	33	0.498639
4	34	0.0841877
4	35	0.652688
4	36	0.382038
4	37	0.643378
4	38	0.251204
4	39	0.269109
4	40	0.0427174
4	41	0.529924
4	42	0.448365
4	43	0.0455209
4	44	0.6334
4	45	0.565787
4	46	0.10636
4	47	0.602871
4	48	0.480776
4	49	0.334842
4	50	0.134554
4	51	0.162182
4	52	0.109178
4	53	0.628562
4	54	0.760024
4	55	0.295685
4	56	0.623975
4	57	0.505314
4	58	0.250597
4	59	0.351683
4	60	0.64823
4	61	0.373289
4	62	0.189923
4	63	0.672539
4	64	0.0897412
4	65	0.336938
4	66	0.35144
4	67	0.555575
4	68	0.411234
4	69	0.228957
4	70	0.0565524
4	71	0.277506
4	72	0.472087
4	73	0.091306
4	74	0.415341
4	75	0.66614
4	76	0.330794
4	77	0.49965
4	78	0.475454
4	79	0.426268
4	80	0.179769
4	81	0.138734
4	82	0.364518
4	83	0.477856
4	84	0.644597
4	85	0.619804
4	86	0.627562
4	87	0.355082
4	88	0.358649
4	89	0.682476
4	90	0.302584
4	91	0.25494
4	92	0.595684
4	93	0.362071
4	94	0.390011
4	95	0.22033
4	96	0.342994
4	97	0.190467
4	98	0.182899
4	99	0.740281
4	100	0.118555
5	1	0.111831
5	2	0.0455667
5	3	0.27373
5	4	0.0854403
5	5	1
5	6	0.13543
5	7	0.211105
5	8	0.171207
5	9	0.18599
5	10	0.0970653
5	11	0.157412
5	12	0.19256
5	13	0.0286631
5	14	0.121466
5	15	0.104291
5	16	0.0886463
5	17	0.142559
5	18	0.411542
5	19	0.178895
5	20	0.188601
5	21	0.17934
5	22	0.156268
5	23	0.117844
5	24	0.0844249
5	25	0.203786
5	26	0.239476
5	27	0.116071
5	28	0.153723
5	29	0.122488
5	30	0.232472
5	31	0.173563
5	32	0.204029
5	33	0.112384
5	34	0.875722
5	35	0.100083
5	36	0.216923
5	37	0.0546488
5	38	0.413528
5	39	0.0689657
5	40	0.00138513
5	41	0.139028
5	42	0.249706
5	43	0.025394
5	44	0.164984
5	45	0.136184
5	46	0.113611
5	47	0.0641834
5	48	0.175617
5	49	0.144206
5	50	0.874861
5	51	0.11277
5	52	0.903792
5	53	0.254398
5	54	0.0995963
5	55	0.18435
5	56	0.143524
5	57	0.123405
5	58	0.159774
5	59	0.151786
5	60	0.055106
5	61	0.176102
5	62	0.0279176
5	63	0.168808
5	64	0.0791746
5	65	0.282729
5	66	0.450922
5	67	0.135293
5	68	0.289805
5	69	0.162359
5	70	0.0534933
5	71	0.15205
5	72	0.412483
5	73	0.0720855
5	74	0.199725
5	75	0.0528859
5	76	0.136625
5	77	0.124138
5	78	0.137469
5	79	0.136514
5	80	0.0182553
5	81	0.244302
5	82	0.355267
5	83	0.34007
5	84	0.108125
5	85	0.135959
5	86	0.0957357
5	87	0.172391
5	88	0.133575
5	89	0.0962818
5	90	0.209884
5	91	0.118049
5	92	0.20329
5	93	0.294306
5	94	0.175428
5	95	0.0485223
5	96	0.220141
5	97	0.0850875
5	98	0.152946
5	99	0.0927915
5	100	0.898428
6	1	0.640062
6	2	0.337111
6	3	0.538644
6	4	0.554358
6	5	0.13543
6	6	1
6	7	0.444457
6	8	0.458237
6	9	0.453567
6	10	0.570726
6	11	0.429542
6	12	0.41519
6	13	0.351673
6	14	0.494262
6	15	0.636897
6	16	0.635183
6	17	0.648402
6	18	0.352326
6	19	0.647202
6	20	0.609246
6	21	0.614915
6	22	0.612866
6	23	0.628958
6	24	0.225042
6	25	0.484715
6	26	0.388549
6	27	0.411944
6	28	0.414106
6	29	0.367985
6	30	0.402536
6	31	0.35429
6	32	0.430248
6	33	0.597756
6	34	0.0945274
6	35	0.413659
6	36	0.279615
6	37	0.599653
6	38	0.291806
6	39	0.263554
6	40	0.0930119
6	41	0.528543
6	42	0.450622
6	43	0.226039
6	44	0.65792
6	45	0.515161
6	46	0.293756
6	47	0.602518
6	48	0.338048
6	49	0.403948
6	50	0.0591305
6	51	0.236597
6	52	0.105009
6	53	0.651521
6	54	0.626226
6	55	0.320281
6	56	0.512557
6	57	0.381472
6	58	0.360413
6	59	0.276499
6	60	0.629818
6	61	0.451604
6	62	0.138021
6	63	0.663023
6	64	0.0165292
6	65	0.352512
6	66	0.319113
6	67	0.512716
6	68	0.59653
6	69	0.307645
6	70	0.240817
6	71	0.447155
6	72	0.350609
6	73	0.162973
6	74	0.398872
6	75	0.603171
6	76	0.42989
6	77	0.581732
6	78	0.500751
6	79	0.365285
6	80	0.0392942
6	81	0.326937
6	82	0.496048
6	83	0.624613
6	84	0.614696
6	85	0.624535
6	86	0.723537
6	87	0.327135
6	88	0.358133
6	89	0.590335
6	90	0.369951
6	91	0.378242
6	92	0.640394
6	93	0.357749
6	94	0.529927
6	95	0.273637
6	96	0.304214
6	97	0.300173
6	98	0.279951
6	99	0.677062
6	100	0.131684
7	1	0.0930701
7	2	0.0961261
7	3	0.212014
7	4	0.321981
7	5	0.211105
7	6	0.444457
7	7	1
7	8	0.222817
7	9	0.365981
7	10	0.0738972
7	11	0.180255
7	12	0.480011
7	13	0.0954185
7	14	0.216022
7	15	0.217588
7	16	0.465933
7	17	0.130108
7	18	0.24636
7	19	0.300226
7	20	0.320697
7	21	0.346212
7	22	0.302098
7	23	0.294333
7	24	0.194083
7	25	0.455652
7	26	0.545312
7	27	0.341444
7	28	0.317035
7	29	0.301125
7	30	0.445407
7	31	0.338982
7	32	0.538652
7	33	0.357243
7	34	0.236829
7	35	0.363268
7	36	0.370336
7	37	0.0685998
7	38	0.350904
7	39	0.268511
7	40	0.00458392
7	41	0.196308
7	42	0.259373
7	43	0.048464
7	44	0.175697
7	45	0.218116
7	46	0.138467
7	47	0.08578
7	48	0.387456
7	49	0.584078
7	50	0.173498
7	51	0.39444
7	52	0.155696
7	53	0.176446
7	54	0.250961
7	55	0.352409
7	56	0.20999
7	57	0.260919
7	58	0.447973
7	59	0.293809
7	60	0.0702874
7	61	0.306731
7	62	0.266584
7	63	0.193305
7	64	0.0113028
7	65	0.357252
7	66	0.282849
7	67	0.305953
7	68	0.314697
7	69	0.349252
7	70	0.0789973
7	71	0.395099
7	72	0.316537
7	73	0.0569593
7	74	0.257778
7	75	0.112013
7	76	0.410739
7	77	0.238541
7	78	0.379116
7	79	0.405043
7	80	0.0516793
7	81	0.390619
7	82	0.257456
7	83	0.390494
7	84	0.142717
7	85	0.199406
7	86	0.195337
7	87	0.511694
7	88	0.486257
7	89	0.188109
7	90	0.298834
7	91	0.287023
7	92	0.20655
7	93	0.433519
7	94	0.328143
7	95	0.0200724
7	96	0.452871
7	97	0.163024
7	98	0.26031
7	99	0.252679
7	100	0.204574
8	1	0.222879
8	2	0.0625421
8	3	0.412034
8	4	0.360036
8	5	0.171207
8	6	0.458237
8	7	0.222817
8	8	1
8	9	0.286049
8	10	0.209559
8	11	0.395397
8	12	0.246154
8	13	0.0620817
8	14	0.228729
8	15	0.337068
8	16	0.336831
8	17	0.355431
8	18	0.263546
8	19	0.354679
8	20	0.50641
8	21	0.478091
8	22	0.38787
8	23	0.48217
8	24	0.288432
8	25	0.475088
8	26	0.369999
8	27	0.535546
8	28	0.397465
8	29	0.390404
8	30	0.303979
8	31	0.468232
8	32	0.430143
8	33	0.523084
8	34	0.103254
8	35	0.417091
8	36	0.301849
8	37	0.218334
8	38	0.17123
8	39	0.336921
8	40	0.155848
8	41	0.353519
8	42	0.501779
8	43	0.108301
8	44	0.281132
8	45	0.338292
8	46	0.165337
8	47	0.27146
8	48	0.279098
8	49	0.443572
8	50	0.0655122
8	51	0.155108
8	52	0.133289
8	53	0.440459
8	54	0.302055
8	55	0.500133
8	56	0.404297
8	57	0.516662
8	58	0.334465
8	59	0.268681
8	60	0.298398
8	61	0.410538
8	62	0.1467
8	63	0.271302
8	64	0.171432
8	65	0.606128
8	66	0.371684
8	67	0.33986
8	68	0.2925
8	69	0.313916
8	70	0.162774
8	71	0.339515
8	72	0.266628
8	73	0.145745
8	74	0.397278
8	75	0.257026
8	76	0.255538
8	77	0.486543
8	78	0.375867
8	79	0.400606
8	80	0.1211
8	81	0.278632
8	82	0.311086
8	83	0.323863
8	84	0.290294
8	85	0.432461
8	86	0.256839
8	87	0.306134
8	88	0.36098
8	89	0.294375
8	90	0.330305
8	91	0.326062
8	92	0.323626
8	93	0.341156
8	94	0.428169
8	95	0.503728
8	96	0.384325
8	97	0.297147
8	98	0.436852
8	99	0.318011
8	100	0.0886388
9	1	0.291202
9	2	0.0802551
9	3	0.427164
9	4	0.34933
9	5	0.18599
9	6	0.453567
9	7	0.365981
9	8	0.286049
9	9	1
9	10	0.253653
9	11	0.527551
9	12	0.371864
9	13	0.0770231
9	14	0.471934
9	15	0.397875
9	16	0.445325
9	17	0.420423
9	18	0.344336
9	19	0.412295
9	20	0.385264
9	21	0.348362
9	22	0.494335
9	23	0.223397
9	24	0.151517
9	25	0.38358
9	26	0.362015
9	27	0.383548
9	28	0.367097
9	29	0.365684
9	30	0.465249
9	31	0.400222
9	32	0.3501
9	33	0.552691
9	34	0.207549
9	35	0.298425
9	36	0.304434
9	37	0.32313
9	38	0.511362
9	39	0.277166
9	40	0.00292983
9	41	0.312893
9	42	0.399219
9	43	0.143379
9	44	0.403774
9	45	0.550499
9	46	0.171835
9	47	0.287709
9	48	0.482286
9	49	0.406549
9	50	0.184358
9	51	0.20634
9	52	0.185759
9	53	0.367328
9	54	0.351111
9	55	0.363538
9	56	0.418944
9	57	0.404108
9	58	0.445913
9	59	0.310761
9	60	0.251455
9	61	0.43954
9	62	0.168297
9	63	0.333342
9	64	0.11168
9	65	0.309888
9	66	0.426401
9	67	0.416858
9	68	0.436761
9	69	0.442771
9	70	0.17453
9	71	0.375696
9	72	0.492512
9	73	0.0659158
9	74	0.446823
9	75	0.265679
9	76	0.665735
9	77	0.474758
9	78	0.342739
9	79	0.454044
9	80	0.02475
9	81	0.375079
9	82	0.343918
9	83	0.505827
9	84	0.293882
9	85	0.43464
9	86	0.407895
9	87	0.2857
9	88	0.410287
9	89	0.30303
9	90	0.225588
9	91	0.329195
9	92	0.425222
9	93	0.466796
9	94	0.375504
9	95	0.195006
9	96	0.278966
9	97	0.326531
9	98	0.395148
9	99	0.475692
9	100	0.199867
10	1	0.941209
10	2	0.2731
10	3	0.671055
10	4	0.630678
10	5	0.0970653
10	6	0.570726
10	7	0.0738972
10	8	0.209559
10	9	0.253653
10	10	1
10	11	0.565175
10	12	0.0455563
10	13	0.309892
10	14	0.434456
10	15	0.915785
10	16	0.720985
10	17	0.916476
10	18	0.114118
10	19	0.817351
10	20	0.523898
10	21	0.40511
10	22	0.611618
10	23	0.748523
10	24	0.0555307
10	25	0.304506
10	26	0.113465
10	27	0.0493371
10	28	0.0600655
10	29	0.0914639
10	30	0.0528077
10	31	0.0445757
10	32	0.0409262
10	33	0.510206
10	34	0.102141
10	35	0.283478
10	36	0.272224
10	37	0.947467
10	38	0.069537
10	39	0.249789
10	40	0.000610894
10	41	0.68145
10	42	0.34631
10	43	0.0274153
10	44	0.910092
10	45	0.512224
10	46	0.0253696
10	47	0.949989
10	48	0.290059
10	49	0.0384245
10	50	0.09431
10	51	0.121923
10	52	0.126752
10	53	0.800321
10	54	0.825424
10	55	0.0755089
10	56	0.633547
10	57	0.312644
10	58	0.05902
10	59	0.188337
10	60	0.960984
10	61	0.301891
10	62	0.265728
10	63	0.930204
10	64	0.00780544
10	65	0.0824067
10	66	0.180394
10	67	0.563573
10	68	0.563403
10	69	0.0439426
10	70	0.0276626
10	71	0.0849426
10	72	0.326701
10	73	0.0590926
10	74	0.192591
10	75	0.96746
10	76	0.040843
10	77	0.384439
10	78	0.504097
10	79	0.121199
10	80	0.00592986
10	81	0.044004
10	82	0.272101
10	83	0.225092
10	84	0.927465
10	85	0.532499
10	86	0.895603
10	87	0.0738161
10	88	0.194665
10	89	0.925578
10	90	0.145824
10	91	0.0421319
10	92	0.829884
10	93	0.272361
10	94	0.125746
10	95	0.256337
10	96	0.0505799
10	97	0.0240079
10	98	0.0668686
10	99	0.771313
10	100	0.104482
11	1	0.605134
11	2	0.160008
11	3	0.563037
11	4	0.509281
11	5	0.157412
11	6	0.429542
11	7	0.180255
11	8	0.395397
11	9	0.527551
11	10	0.565175
11	11	1
11	12	0.263542
11	13	0.169134
11	14	0.303304
11	15	0.692426
11	16	0.518868
11	17	0.651172
11	18	0.225088
11	19	0.542741
11	20	0.46374
11	21	0.429536
11	22	0.575393
11	23	0.503976
11	24	0.144813
11	25	0.42181
11	26	0.369303
11	27	0.192073
11	28	0.236722
11	29	0.461467
11	30	0.347559
11	31	0.184617
11	32	0.341419
11	33	0.600161
11	34	0.0395166
11	35	0.298054
11	36	0.346366
11	37	0.554191
11	38	0.210093
11	39	0.208461
11	40	0.00317464
11	41	0.521473
11	42	0.409559
11	43	0.0404342
11	44	0.558669
11	45	0.48446
11	46	0.0590498
11	47	0.568675
11	48	0.311002
11	49	0.208075
11	50	0.0770514
11	51	0.164492
11	52	0.0657755
11	53	0.501507
11	54	0.599284
11	55	0.302168
11	56	0.506582
11	57	0.432899
11	58	0.328558
11	59	0.301808
11	60	0.551432
11	61	0.288989
11	62	0.137529
11	63	0.61861
11	64	0.0581397
11	65	0.356675
11	66	0.549303
11	67	0.496858
11	68	0.481143
11	69	0.204028
11	70	0.0546049
11	71	0.249158
11	72	0.452965
11	73	0.0842976
11	74	0.404722
11	75	0.593259
11	76	0.267187
11	77	0.639983
11	78	0.552078
11	79	0.297923
11	80	0.0193473
11	81	0.119535
11	82	0.230369
11	83	0.327802
11	84	0.597684
11	85	0.508635
11	86	0.576765
11	87	0.263136
11	88	0.238489
11	89	0.65165
11	90	0.218931
11	91	0.349358
11	92	0.636771
11	93	0.58034
11	94	0.142823
11	95	0.496556
11	96	0.212457
11	97	0.132054
11	98	0.190296
11	99	0.549803
11	100	0.0724592
12	1	0.0886426
12	2	0.0145187
12	3	0.215422
12	4	0.17379
12	5	0.19256
12	6	0.41519
12	7	0.480011
12	8	0.246154
12	9	0.371864
12	10	0.0455563
12	11	0.263542
12	12	1
12	13	0.0162769
12	14	0.255639
12	15	0.157143
12	16	0.344049
12	17	0.15721
12	18	0.303294
12	19	0.254274
12	20	0.433333
12	21	0.430282
12	22	0.303157
12	23	0.200049
12	24	0.184259
12	25	0.456442
12	26	0.560068
12	27	0.211441
12	28	0.34744
12	29	0.239768
12	30	0.470444
12	31	0.250307
12	32	0.39418
12	33	0.272004
12	34	0.12243
12	35	0.296929
12	36	0.247834
12	37	0.062795
12	38	0.349799
12	39	0.162221
12	40	0.00553877
12	41	0.252025
12	42	0.451881
12	43	0.021804
12	44	0.147801
12	45	0.303241
12	46	0.103805
12	47	0.0789702
12	48	0.187266
12	49	0.361478
12	50	0.091717
12	51	0.439941
12	52	0.0660098
12	53	0.161423
12	54	0.157907
12	55	0.389188
12	56	0.229566
12	57	0.164488
12	58	0.638897
12	59	0.229039
12	60	0.126245
12	61	0.44475
12	62	0.229085
12	63	0.121457
12	64	0.00558705
12	65	0.25352
12	66	0.212132
12	67	0.288534
12	68	0.561322
12	69	0.21332
12	70	0.0862525
12	71	0.432362
12	72	0.286855
12	73	0.0550594
12	74	0.386015
12	75	0.0867058
12	76	0.388233
12	77	0.272218
12	78	0.341021
12	79	0.276081
12	80	0.0386979
12	81	0.450033
12	82	0.165912
12	83	0.406504
12	84	0.187441
12	85	0.358325
12	86	0.238905
12	87	0.241627
12	88	0.457829
12	89	0.139159
12	90	0.312288
12	91	0.341995
12	92	0.175892
12	93	0.387629
12	94	0.434621
12	95	0.145521
12	96	0.30136
12	97	0.207216
12	98	0.323271
12	99	0.172378
12	100	0.0687666
13	1	0.295474
13	2	0.99648
13	3	0.208094
13	4	0.1922
13	5	0.0286631
13	6	0.351673
13	7	0.0954185
13	8	0.0620817
13	9	0.0770231
13	10	0.309892
13	11	0.169134
13	12	0.0162769
13	13	1
13	14	0.160691
13	15	0.287138
13	16	0.273285
13	17	0.324497
13	18	0.0769453
13	19	0.253386
13	20	0.167008
13	21	0.119159
13	22	0.216932
13	23	0.23547
13	24	0.0368779
13	25	0.116391
13	26	0.0317278
13	27	0.108774
13	28	0.0978791
13	29	0.0744092
13	30	0.0502833
13	31	0.0625023
13	32	0.0988516
13	33	0.213348
13	34	0.0321126
13	35	0.0919335
13	36	0.0761038
13	37	0.298796
13	38	0.11071
13	39	0.0627109
13	40	0.00284697
13	41	0.214158
13	42	0.140629
13	43	0.00464752
13	44	0.284315
13	45	0.155806
13	46	0.0390105
13	47	0.296744
13	48	0.0793778
13	49	0.0145926
13	50	0.000888612
13	51	0.0290911
13	52	0.0276443
13	53	0.246635
13	54	0.377479
13	55	0.0149054
13	56	0.195026
13	57	0.136657
13	58	0.0950858
13	59	0.154559
13	60	0.30325
13	61	0.0829485
13	62	0.0679827
13	63	0.289888
13	64	0.00812563
13	65	0.0157997
13	66	0.0431606
13	67	0.177951
13	68	0.183591
13	69	0.0952964
13	70	0.0255826
13	71	0.104769
13	72	0.0859245
13	73	0.012136
13	74	0.12169
13	75	0.305782
13	76	0.0130293
13	77	0.184076
13	78	0.199524
13	79	0.0336179
13	80	0.0582759
13	81	0.0119108
13	82	0.365698
13	83	0.128657
13	84	0.34086
13	85	0.224582
13	86	0.311949
13	87	0.0790445
13	88	0.197686
13	89	0.396703
13	90	0.0463301
13	91	0.418149
13	92	0.326598
13	93	0.147077
13	94	0.109113
13	95	0.0805994
13	96	0.082829
13	97	0.00485799
13	98	0.17895
13	99	0.239462
13	100	0.0388228
14	1	0.532958
14	2	0.164089
14	3	0.535036
14	4	0.501668
14	5	0.121466
14	6	0.494262
14	7	0.216022
14	8	0.228729
14	9	0.471934
14	10	0.434456
14	11	0.303304
14	12	0.255639
14	13	0.160691
14	14	1
14	15	0.52004
14	16	0.593362
14	17	0.445298
14	18	0.406561
14	19	0.445665
14	20	0.455777
14	21	0.453496
14	22	0.367516
14	23	0.372936
14	24	0.093965
14	25	0.330831
14	26	0.34427
14	27	0.324038
14	28	0.188186
14	29	0.22218
14	30	0.27091
14	31	0.266363
14	32	0.260245
14	33	0.43678
14	34	0.179015
14	35	0.404719
14	36	0.352904
14	37	0.573509
14	38	0.497741
14	39	0.259734
14	40	0.00329467
14	41	0.396936
14	42	0.366266
14	43	0.0216252
14	44	0.514147
14	45	0.726713
14	46	0.06704
14	47	0.428992
14	48	0.299203
14	49	0.367084
14	50	0.0996033
14	51	0.201255
14	52	0.136552
14	53	0.59215
14	54	0.542427
14	55	0.199599
14	56	0.412103
14	57	0.284019
14	58	0.42145
14	59	0.288134
14	60	0.423411
14	61	0.273268
14	62	0.116719
14	63	0.466051
14	64	0.00968882
14	65	0.200974
14	66	0.26956
14	67	0.402771
14	68	0.353257
14	69	0.223996
14	70	0.0396117
14	71	0.386002
14	72	0.202626
14	73	0.0922739
14	74	0.358187
14	75	0.481719
14	76	0.276525
14	77	0.419045
14	78	0.371175
14	79	0.257487
14	80	0.0437834
14	81	0.234818
14	82	0.205092
14	83	0.547264
14	84	0.459334
14	85	0.476296
14	86	0.533665
14	87	0.172113
14	88	0.31005
14	89	0.424085
14	90	0.288869
14	91	0.195075
14	92	0.51009
14	93	0.242916
14	94	0.477048
14	95	0.159899
14	96	0.492966
14	97	0.133894
14	98	0.0881655
14	99	0.612448
14	100	0.131283
15	1	0.91558
15	2	0.261497
15	3	0.742496
15	4	0.676779
15	5	0.104291
15	6	0.636897
15	7	0.217588
15	8	0.337068
15	9	0.397875
15	10	0.915785
15	11	0.692426
15	12	0.157143
15	13	0.287138
15	14	0.52004
15	15	1
15	16	0.768757
15	17	0.90721
15	18	0.173126
15	19	0.839107
15	20	0.610694
15	21	0.480392
15	22	0.621665
15	23	0.7933
15	24	0.0950115
15	25	0.452774
15	26	0.290051
15	27	0.227537
15	28	0.166917
15	29	0.25036
15	30	0.206996
15	31	0.206298
15	32	0.238242
15	33	0.646872
15	34	0.0945015
15	35	0.42525
15	36	0.316224
15	37	0.908599
15	38	0.163368
15	39	0.235311
15	40	0.00140952
15	41	0.763856
15	42	0.401965
15	43	0.0613732
15	44	0.871785
15	45	0.538561
15	46	0.070859
15	47	0.889707
15	48	0.357234
15	49	0.223679
15	50	0.069292
15	51	0.171727
15	52	0.0997405
15	53	0.818249
15	54	0.864015
15	55	0.189563
15	56	0.671839
15	57	0.463943
15	58	0.281566
15	59	0.174769
15	60	0.92187
15	61	0.302406
15	62	0.179575
15	63	0.915486
15	64	0.0707252
15	65	0.171863
15	66	0.313407
15	67	0.643061
15	68	0.610124
15	69	0.184987
15	70	0.0649898
15	71	0.238181
15	72	0.368421
15	73	0.0653321
15	74	0.287209
15	75	0.9337
15	76	0.177195
15	77	0.471808
15	78	0.627566
15	79	0.214267
15	80	0.0156812
15	81	0.0928778
15	82	0.310232
15	83	0.335631
15	84	0.913866
15	85	0.573166
15	86	0.889846
15	87	0.176106
15	88	0.264028
15	89	0.903454
15	90	0.235933
15	91	0.14702
15	92	0.861961
15	93	0.404189
15	94	0.182035
15	95	0.344482
15	96	0.22528
15	97	0.10746
15	98	0.158419
15	99	0.790214
15	100	0.085933
16	1	0.734503
16	2	0.249757
16	3	0.66164
16	4	0.667102
16	5	0.0886463
16	6	0.635183
16	7	0.465933
16	8	0.336831
16	9	0.445325
16	10	0.720985
16	11	0.518868
16	12	0.344049
16	13	0.273285
16	14	0.593362
16	15	0.768757
16	16	1
16	17	0.714759
16	18	0.313278
16	19	0.736975
16	20	0.651608
16	21	0.498445
16	22	0.672441
16	23	0.588619
16	24	0.1471
16	25	0.568629
16	26	0.504911
16	27	0.260768
16	28	0.315791
16	29	0.283533
16	30	0.37472
16	31	0.246136
16	32	0.262824
16	33	0.641145
16	34	0.149941
16	35	0.477814
16	36	0.5706
16	37	0.705749
16	38	0.31496
16	39	0.388993
16	40	0.00486279
16	41	0.668477
16	42	0.566102
16	43	0.0584543
16	44	0.696921
16	45	0.574783
16	46	0.077667
16	47	0.686959
16	48	0.402679
16	49	0.376867
16	50	0.0819614
16	51	0.273291
16	52	0.105811
16	53	0.67477
16	54	0.740832
16	55	0.303124
16	56	0.67393
16	57	0.402527
16	58	0.41631
16	59	0.370125
16	60	0.713139
16	61	0.455955
16	62	0.307337
16	63	0.767071
16	64	0.111967
16	65	0.350036
16	66	0.436182
16	67	0.68154
16	68	0.575779
16	69	0.299758
16	70	0.0593501
16	71	0.370945
16	72	0.467292
16	73	0.168411
16	74	0.377469
16	75	0.739712
16	76	0.385983
16	77	0.492488
16	78	0.551881
16	79	0.372876
16	80	0.0265912
16	81	0.377643
16	82	0.432439
16	83	0.481832
16	84	0.713939
16	85	0.647324
16	86	0.724719
16	87	0.400099
16	88	0.431576
16	89	0.730253
16	90	0.284885
16	91	0.333956
16	92	0.765734
16	93	0.447821
16	94	0.43325
16	95	0.240218
16	96	0.450613
16	97	0.133357
16	98	0.318815
16	99	0.713534
16	100	0.102697
17	1	0.897263
17	2	0.296028
17	3	0.655841
17	4	0.666838
17	5	0.142559
17	6	0.648402
17	7	0.130108
17	8	0.355431
17	9	0.420423
17	10	0.916476
17	11	0.651172
17	12	0.15721
17	13	0.324497
17	14	0.445298
17	15	0.90721
17	16	0.714759
17	17	1
17	18	0.195023
17	19	0.819417
17	20	0.577576
17	21	0.470572
17	22	0.636022
17	23	0.789739
17	24	0.0743342
17	25	0.403822
17	26	0.222185
17	27	0.21291
17	28	0.135182
17	29	0.136211
17	30	0.149203
17	31	0.136872
17	32	0.221811
17	33	0.610304
17	34	0.109696
17	35	0.360029
17	36	0.278569
17	37	0.901358
17	38	0.13911
17	39	0.23507
17	40	0.00107598
17	41	0.716418
17	42	0.438895
17	43	0.0419002
17	44	0.88994
17	45	0.555837
17	46	0.0460779
17	47	0.89637
17	48	0.432001
17	49	0.190603
17	50	0.146875
17	51	0.148851
17	52	0.150924
17	53	0.816906
17	54	0.808828
17	55	0.1859
17	56	0.709415
17	57	0.462842
17	58	0.134649
17	59	0.192561
17	60	0.909667
17	61	0.359729
17	62	0.189809
17	63	0.880315
17	64	0.108541
17	65	0.229487
17	66	0.289994
17	67	0.62987
17	68	0.60893
17	69	0.193989
17	70	0.0298708
17	71	0.199482
17	72	0.406849
17	73	0.100727
17	74	0.299151
17	75	0.913264
17	76	0.177822
17	77	0.506759
17	78	0.528118
17	79	0.207578
17	80	0.0435237
17	81	0.11404
17	82	0.320368
17	83	0.365842
17	84	0.888643
17	85	0.584437
17	86	0.90423
17	87	0.164186
17	88	0.290509
17	89	0.880478
17	90	0.184106
17	91	0.152109
17	92	0.834757
17	93	0.361864
17	94	0.20326
17	95	0.258614
17	96	0.118171
17	97	0.101769
17	98	0.134966
17	99	0.812985
17	100	0.110522
18	1	0.171653
18	2	0.0795065
18	3	0.37933
18	4	0.374911
18	5	0.411542
18	6	0.352326
18	7	0.24636
18	8	0.263546
18	9	0.344336
18	10	0.114118
18	11	0.225088
18	12	0.303294
18	13	0.0769453
18	14	0.406561
18	15	0.173126
18	16	0.313278
18	17	0.195023
18	18	1
18	19	0.207557
18	20	0.411881
18	21	0.409497
18	22	0.371814
18	23	0.169787
18	24	0.216389
18	25	0.262157
18	26	0.429289
18	27	0.283859
18	28	0.430312
18	29	0.340074
18	30	0.460813
18	31	0.447321
18	32	0.247137
18	33	0.308866
18	34	0.35873
18	35	0.442308
18	36	0.259062
18	37	0.23842
18	38	0.547726
18	39	0.29156
18	40	0.0582881
18	41	0.341388
18	42	0.425732
18	43	0.265921
18	44	0.238474
18	45	0.546621
18	46	0.320323
18	47	0.164942
18	48	0.420716
18	49	0.449559
18	50	0.485698
18	51	0.146198
18	52	0.392993
18	53	0.333577
18	54	0.283335
18	55	0.257165
18	56	0.264661
18	57	0.274591
18	58	0.289066
18	59	0.395572
18	60	0.172754
18	61	0.337225
18	62	0.0568225
18	63	0.182349
18	64	0.00941399
18	65	0.354053
18	66	0.311101
18	67	0.207636
18	68	0.238995
18	69	0.393297
18	70	0.302292
18	71	0.359199
18	72	0.469915
18	73	0.43749
18	74	0.502396
18	75	0.144909
18	76	0.374288
18	77	0.296792
18	78	0.323039
18	79	0.440518
18	80	0.0765661
18	81	0.209609
18	82	0.378567
18	83	0.629227
18	84	0.209151
18	85	0.395571
18	86	0.187532
18	87	0.227516
18	88	0.267856
18	89	0.187583
18	90	0.175398
18	91	0.438275
18	92	0.297707
18	93	0.32559
18	94	0.385433
18	95	0.299687
18	96	0.481056
18	97	0.224147
18	98	0.368041
18	99	0.376601
18	100	0.335082
19	1	0.782267
19	2	0.22618
19	3	0.617837
19	4	0.640757
19	5	0.178895
19	6	0.647202
19	7	0.300226
19	8	0.354679
19	9	0.412295
19	10	0.817351
19	11	0.542741
19	12	0.254274
19	13	0.253386
19	14	0.445665
19	15	0.839107
19	16	0.736975
19	17	0.819417
19	18	0.207557
19	19	1
19	20	0.548101
19	21	0.538943
19	22	0.716313
19	23	0.7242
19	24	0.13324
19	25	0.602819
19	26	0.355933
19	27	0.223798
19	28	0.18424
19	29	0.234062
19	30	0.19267
19	31	0.140794
19	32	0.289035
19	33	0.673592
19	34	0.135525
19	35	0.293251
19	36	0.343097
19	37	0.798783
19	38	0.168905
19	39	0.30799
19	40	0.00316264
19	41	0.774026
19	42	0.4942
19	43	0.0416078
19	44	0.819057
19	45	0.493588
19	46	0.0807376
19	47	0.817426
19	48	0.357126
19	49	0.236352
19	50	0.126601
19	51	0.382829
19	52	0.146585
19	53	0.740372
19	54	0.74618
19	55	0.350824
19	56	0.684087
19	57	0.43529
19	58	0.216606
19	59	0.217424
19	60	0.804661
19	61	0.374448
19	62	0.206587
19	63	0.803758
19	64	0.315487
19	65	0.295022
19	66	0.343615
19	67	0.76118
19	68	0.629237
19	69	0.278283
19	70	0.0538059
19	71	0.216823
19	72	0.490317
19	73	0.0905893
19	74	0.368245
19	75	0.815918
19	76	0.269353
19	77	0.461452
19	78	0.531493
19	79	0.342491
19	80	0.0360795
19	81	0.197232
19	82	0.41484
19	83	0.364233
19	84	0.826979
19	85	0.578094
19	86	0.799228
19	87	0.334906
19	88	0.313024
19	89	0.761946
19	90	0.416885
19	91	0.0979835
19	92	0.763139
19	93	0.490155
19	94	0.261094
19	95	0.230236
19	96	0.228539
19	97	0.15525
19	98	0.183652
19	99	0.761225
19	100	0.138624
20	1	0.573311
20	2	0.146699
20	3	0.574945
20	4	0.503595
20	5	0.188601
20	6	0.609246
20	7	0.320697
20	8	0.50641
20	9	0.385264
20	10	0.523898
20	11	0.46374
20	12	0.433333
20	13	0.167008
20	14	0.455777
20	15	0.610694
20	16	0.651608
20	17	0.577576
20	18	0.411881
20	19	0.548101
20	20	1
20	21	0.393429
20	22	0.546508
20	23	0.572364
20	24	0.140127
20	25	0.352432
20	26	0.400833
20	27	0.300831
20	28	0.37862
20	29	0.265891
20	30	0.294811
20	31	0.312884
20	32	0.336123
20	33	0.529717
20	34	0.190529
20	35	0.516398
20	36	0.338477
20	37	0.54527
20	38	0.229666
20	39	0.344721
20	40	0.00242929
20	41	0.543583
20	42	0.576999
20	43	0.0630758
20	44	0.56657
20	45	0.610254
20	46	0.0915929
20	47	0.524412
20	48	0.424274
20	49	0.405229
20	50	0.161051
20	51	0.178726
20	52	0.173963
20	53	0.586302
20	54	0.61253
20	55	0.257551
20	56	0.488332
20	57	0.376952
20	58	0.384521
20	59	0.248126
20	60	0.621662
20	61	0.454015
20	62	0.115318
20	63	0.600472
20	64	0.0100877
20	65	0.373999
20	66	0.31918
20	67	0.428293
20	68	0.614889
20	69	0.170038
20	70	0.0709187
20	71	0.440994
20	72	0.353588
20	73	0.0637636
20	74	0.267327
20	75	0.554247
20	76	0.310186
20	77	0.376968
20	78	0.523832
20	79	0.277126
20	80	0.0249191
20	81	0.306425
20	82	0.302444
20	83	0.440582
20	84	0.568572
20	85	0.579189
20	86	0.609255
20	87	0.204317
20	88	0.236863
20	89	0.548905
20	90	0.296836
20	91	0.40341
20	92	0.668507
20	93	0.324479
20	94	0.51786
20	95	0.586128
20	96	0.307307
20	97	0.0948674
20	98	0.415009
20	99	0.585548
20	100	0.188953
21	1	0.434862
21	2	0.108457
21	3	0.452328
21	4	0.43668
21	5	0.17934
21	6	0.614915
21	7	0.346212
21	8	0.478091
21	9	0.348362
21	10	0.40511
21	11	0.429536
21	12	0.430282
21	13	0.119159
21	14	0.453496
21	15	0.480392
21	16	0.498445
21	17	0.470572
21	18	0.409497
21	19	0.538943
21	20	0.393429
21	21	1
21	22	0.573092
21	23	0.491493
21	24	0.135527
21	25	0.520895
21	26	0.343892
21	27	0.351343
21	28	0.255551
21	29	0.264276
21	30	0.310383
21	31	0.428363
21	32	0.339656
21	33	0.445255
21	34	0.0476019
21	35	0.277746
21	36	0.38673
21	37	0.480348
21	38	0.291396
21	39	0.368394
21	40	0.00209056
21	41	0.540437
21	42	0.505256
21	43	0.149663
21	44	0.452881
21	45	0.518047
21	46	0.191215
21	47	0.483736
21	48	0.279782
21	49	0.390902
21	50	0.0704718
21	51	0.262915
21	52	0.118345
21	53	0.451402
21	54	0.420895
21	55	0.355717
21	56	0.404356
21	57	0.354974
21	58	0.381814
21	59	0.369568
21	60	0.447188
21	61	0.451841
21	62	0.244621
21	63	0.424339
21	64	0.249304
21	65	0.37672
21	66	0.408491
21	67	0.571182
21	68	0.443665
21	69	0.360278
21	70	0.16907
21	71	0.414494
21	72	0.328571
21	73	0.0648408
21	74	0.410466
21	75	0.454975
21	76	0.339649
21	77	0.411488
21	78	0.511018
21	79	0.397475
21	80	0.0399456
21	81	0.209909
21	82	0.396606
21	83	0.367291
21	84	0.477942
21	85	0.47997
21	86	0.461001
21	87	0.229341
21	88	0.392167
21	89	0.501753
21	90	0.233285
21	91	0.35119
21	92	0.428984
21	93	0.413218
21	94	0.355428
21	95	0.173931
21	96	0.350715
21	97	0.152883
21	98	0.323726
21	99	0.600632
21	100	0.0533136
22	1	0.601217
22	2	0.194023
22	3	0.536719
22	4	0.55899
22	5	0.156268
22	6	0.612866
22	7	0.302098
22	8	0.38787
22	9	0.494335
22	10	0.611618
22	11	0.575393
22	12	0.303157
22	13	0.216932
22	14	0.367516
22	15	0.621665
22	16	0.672441
22	17	0.636022
22	18	0.371814
22	19	0.716313
22	20	0.546508
22	21	0.573092
22	22	1
22	23	0.489572
22	24	0.169404
22	25	0.522511
22	26	0.365531
22	27	0.255251
22	28	0.435425
22	29	0.31804
22	30	0.346941
22	31	0.297406
22	32	0.354469
22	33	0.6329
22	34	0.119095
22	35	0.367413
22	36	0.393978
22	37	0.634041
22	38	0.380369
22	39	0.501822
22	40	0.00387766
22	41	0.660387
22	42	0.447543
22	43	0.0867206
22	44	0.639683
22	45	0.547365
22	46	0.104268
22	47	0.671797
22	48	0.343957
22	49	0.316827
22	50	0.109435
22	51	0.20981
22	52	0.12354
22	53	0.590745
22	54	0.643664
22	55	0.317271
22	56	0.573727
22	57	0.405654
22	58	0.260774
22	59	0.423341
22	60	0.61349
22	61	0.5251
22	62	0.292818
22	63	0.684243
22	64	0.260784
22	65	0.421799
22	66	0.415605
22	67	0.669423
22	68	0.492918
22	69	0.305559
22	70	0.118823
22	71	0.302328
22	72	0.565698
22	73	0.146778
22	74	0.453764
22	75	0.613633
22	76	0.497724
22	77	0.507731
22	78	0.521166
22	79	0.411491
22	80	0.0979442
22	81	0.295408
22	82	0.526071
22	83	0.550155
22	84	0.62468
22	85	0.477784
22	86	0.611709
22	87	0.424294
22	88	0.390653
22	89	0.617022
22	90	0.338116
22	91	0.493209
22	92	0.730137
22	93	0.440753
22	94	0.283047
22	95	0.360129
22	96	0.255139
22	97	0.170936
22	98	0.408116
22	99	0.612774
22	100	0.178229
23	1	0.742841
23	2	0.210734
23	3	0.572013
23	4	0.680405
23	5	0.117844
23	6	0.628958
23	7	0.294333
23	8	0.48217
23	9	0.223397
23	10	0.748523
23	11	0.503976
23	12	0.200049
23	13	0.23547
23	14	0.372936
23	15	0.7933
23	16	0.588619
23	17	0.789739
23	18	0.169787
23	19	0.7242
23	20	0.572364
23	21	0.491493
23	22	0.489572
23	23	1
23	24	0.101103
23	25	0.413278
23	26	0.246051
23	27	0.230408
23	28	0.211882
23	29	0.257558
23	30	0.227542
23	31	0.1745
23	32	0.342319
23	33	0.469224
23	34	0.0583613
23	35	0.470612
23	36	0.299923
23	37	0.735861
23	38	0.0966014
23	39	0.212743
23	40	0.000907157
23	41	0.64587
23	42	0.387191
23	43	0.0852989
23	44	0.732616
23	45	0.438653
23	46	0.127855
23	47	0.72517
23	48	0.374624
23	49	0.41322
23	50	0.0640722
23	51	0.17602
23	52	0.0964715
23	53	0.773805
23	54	0.707883
23	55	0.186246
23	56	0.550558
23	57	0.393041
23	58	0.207101
23	59	0.229096
23	60	0.779597
23	61	0.32623
23	62	0.144748
23	63	0.759553
23	64	0.0590579
23	65	0.283281
23	66	0.23576
23	67	0.563182
23	68	0.525237
23	69	0.138125
23	70	0.109919
23	71	0.180195
23	72	0.342717
23	73	0.0527333
23	74	0.314214
23	75	0.809924
23	76	0.130333
23	77	0.437792
23	78	0.470646
23	79	0.165968
23	80	0.0799562
23	81	0.0975923
23	82	0.306553
23	83	0.357124
23	84	0.79717
23	85	0.532814
23	86	0.728727
23	87	0.18482
23	88	0.271373
23	89	0.759378
23	90	0.203905
23	91	0.0952897
23	92	0.655662
23	93	0.344644
23	94	0.240668
23	95	0.226422
23	96	0.163938
23	97	0.0653929
23	98	0.0796238
23	99	0.69033
23	100	0.0817967
24	1	0.0941024
24	2	0.0400346
24	3	0.1778
24	4	0.192124
24	5	0.0844249
24	6	0.225042
24	7	0.194083
24	8	0.288432
24	9	0.151517
24	10	0.0555307
24	11	0.144813
24	12	0.184259
24	13	0.0368779
24	14	0.093965
24	15	0.0950115
24	16	0.1471
24	17	0.0743342
24	18	0.216389
24	19	0.13324
24	20	0.140127
24	21	0.135527
24	22	0.169404
24	23	0.101103
24	24	1
24	25	0.219472
24	26	0.248761
24	27	0.254506
24	28	0.300753
24	29	0.168539
24	30	0.413657
24	31	0.27928
24	32	0.157098
24	33	0.148575
24	34	0.0553091
24	35	0.15304
24	36	0.213781
24	37	0.0640832
24	38	0.174827
24	39	0.175582
24	40	0.904578
24	41	0.106018
24	42	0.196748
24	43	0.0382895
24	44	0.164995
24	45	0.206517
24	46	0.0928424
24	47	0.063915
24	48	0.19153
24	49	0.250631
24	50	0.0700638
24	51	0.13605
24	52	0.139704
24	53	0.0906559
24	54	0.132164
24	55	0.73393
24	56	0.27245
24	57	0.141887
24	58	0.266408
24	59	0.194044
24	60	0.0878419
24	61	0.178607
24	62	0.218915
24	63	0.128511
24	64	0.0298361
24	65	0.169514
24	66	0.282449
24	67	0.14639
24	68	0.12599
24	69	0.173884
24	70	0.0666832
24	71	0.212979
24	72	0.149388
24	73	0.0739711
24	74	0.392424
24	75	0.103275
24	76	0.156779
24	77	0.314652
24	78	0.19872
24	79	0.349269
24	80	0.0891872
24	81	0.099004
24	82	0.261884
24	83	0.235395
24	84	0.124948
24	85	0.146474
24	86	0.0960594
24	87	0.275631
24	88	0.255634
24	89	0.175425
24	90	0.250237
24	91	0.312813
24	92	0.119446
24	93	0.229036
24	94	0.233833
24	95	0.0937541
24	96	0.14204
24	97	0.832985
24	98	0.194762
24	99	0.112939
24	100	0.0577147
25	1	0.37103
25	2	0.11541
25	3	0.397875
25	4	0.46395
25	5	0.203786
25	6	0.484715
25	7	0.455652
25	8	0.475088
25	9	0.38358
25	10	0.304506
25	11	0.42181
25	12	0.456442
25	13	0.116391
25	14	0.330831
25	15	0.452774
25	16	0.568629
25	17	0.403822
25	18	0.262157
25	19	0.602819
25	20	0.352432
25	21	0.520895
25	22	0.522511
25	23	0.413278
25	24	0.219472
25	25	1
25	26	0.542598
25	27	0.45549
25	28	0.379063
25	29	0.32022
25	30	0.494001
25	31	0.344014
25	32	0.4787
25	33	0.672462
25	34	0.122103
25	35	0.38119
25	36	0.371037
25	37	0.317066
25	38	0.511162
25	39	0.232174
25	40	0.0344676
25	41	0.623152
25	42	0.462829
25	43	0.0583159
25	44	0.413195
25	45	0.372059
25	46	0.121405
25	47	0.331879
25	48	0.294276
25	49	0.452768
25	50	0.0962962
25	51	0.343661
25	52	0.153627
25	53	0.437087
25	54	0.427385
25	55	0.521295
25	56	0.545262
25	57	0.482501
25	58	0.377567
25	59	0.383177
25	60	0.328516
25	61	0.429134
25	62	0.17063
25	63	0.420724
25	64	0.419824
25	65	0.462939
25	66	0.50905
25	67	0.694071
25	68	0.405072
25	69	0.361752
25	70	0.110768
25	71	0.426821
25	72	0.433051
25	73	0.0903068
25	74	0.437995
25	75	0.367294
25	76	0.448459
25	77	0.453194
25	78	0.649716
25	79	0.449012
25	80	0.0561334
25	81	0.400525
25	82	0.375705
25	83	0.454567
25	84	0.37606
25	85	0.518576
25	86	0.340699
25	87	0.525971
25	88	0.461431
25	89	0.352579
25	90	0.554915
25	91	0.340349
25	92	0.465536
25	93	0.46288
25	94	0.332303
25	95	0.128216
25	96	0.536838
25	97	0.276417
25	98	0.199398
25	99	0.434916
25	100	0.102086
26	1	0.216774
26	2	0.0322069
26	3	0.368283
26	4	0.342664
26	5	0.239476
26	6	0.388549
26	7	0.545312
26	8	0.369999
26	9	0.362015
26	10	0.113465
26	11	0.369303
26	12	0.560068
26	13	0.0317278
26	14	0.34427
26	15	0.290051
26	16	0.504911
26	17	0.222185
26	18	0.429289
26	19	0.355933
26	20	0.400833
26	21	0.343892
26	22	0.365531
26	23	0.246051
26	24	0.248761
26	25	0.542598
26	26	1
26	27	0.463265
26	28	0.393288
26	29	0.407357
26	30	0.508362
26	31	0.488537
26	32	0.555694
26	33	0.400007
26	34	0.194384
26	35	0.399801
26	36	0.529209
26	37	0.139575
26	38	0.349218
26	39	0.324228
26	40	0.0295803
26	41	0.371193
26	42	0.492241
26	43	0.299786
26	44	0.166147
26	45	0.379389
26	46	0.375516
26	47	0.139841
26	48	0.251921
26	49	0.561423
26	50	0.169787
26	51	0.454949
26	52	0.136281
26	53	0.307046
26	54	0.310295
26	55	0.554106
26	56	0.306505
26	57	0.440552
26	58	0.526214
26	59	0.301829
26	60	0.133093
26	61	0.389101
26	62	0.126937
26	63	0.221104
26	64	0.0319048
26	65	0.570361
26	66	0.411558
26	67	0.358448
26	68	0.397695
26	69	0.48482
26	70	0.314471
26	71	0.37589
26	72	0.441022
26	73	0.22123
26	74	0.422742
26	75	0.158387
26	76	0.439093
26	77	0.293667
26	78	0.418098
26	79	0.449263
26	80	0.249186
26	81	0.48216
26	82	0.241415
26	83	0.492116
26	84	0.243718
26	85	0.442351
26	86	0.245289
26	87	0.463579
26	88	0.470932
26	89	0.167593
26	90	0.553
26	91	0.471842
26	92	0.283996
26	93	0.517723
26	94	0.328241
26	95	0.181115
26	96	0.418035
26	97	0.27588
26	98	0.341574
26	99	0.219781
26	100	0.154301
27	1	0.154199
27	2	0.122794
27	3	0.330284
27	4	0.33915
27	5	0.116071
27	6	0.411944
27	7	0.341444
27	8	0.535546
27	9	0.383548
27	10	0.0493371
27	11	0.192073
27	12	0.211441
27	13	0.108774
27	14	0.324038
27	15	0.227537
27	16	0.260768
27	17	0.21291
27	18	0.283859
27	19	0.223798
27	20	0.300831
27	21	0.351343
27	22	0.255251
27	23	0.230408
27	24	0.254506
27	25	0.45549
27	26	0.463265
27	27	1
27	28	0.450243
27	29	0.308406
27	30	0.374594
27	31	0.665967
27	32	0.482206
27	33	0.457419
27	34	0.15062
27	35	0.479361
27	36	0.23787
27	37	0.0997429
27	38	0.289726
27	39	0.276076
27	40	0.104935
27	41	0.252298
27	42	0.449166
27	43	0.192442
27	44	0.247377
27	45	0.250134
27	46	0.288451
27	47	0.0903603
27	48	0.331976
27	49	0.519308
27	50	0.0777063
27	51	0.224992
27	52	0.148083
27	53	0.28587
27	54	0.314927
27	55	0.476978
27	56	0.230549
27	57	0.74696
27	58	0.3844
27	59	0.283483
27	60	0.123109
27	61	0.374625
27	62	0.0947532
27	63	0.136114
27	64	0.0118453
27	65	0.399296
27	66	0.224875
27	67	0.2604
27	68	0.177423
27	69	0.394606
27	70	0.224779
27	71	0.522595
27	72	0.295868
27	73	0.11859
27	74	0.377551
27	75	0.0807053
27	76	0.333349
27	77	0.24361
27	78	0.362236
27	79	0.540388
27	80	0.346524
27	81	0.164159
27	82	0.240645
27	83	0.42926
27	84	0.155954
27	85	0.509771
27	86	0.17516
27	87	0.392155
27	88	0.517468
27	89	0.141139
27	90	0.362363
27	91	0.387518
27	92	0.210838
27	93	0.320567
27	94	0.326377
27	95	0.150094
27	96	0.363997
27	97	0.248029
27	98	0.441567
27	99	0.304359
27	100	0.10064
28	1	0.148509
28	2	0.109295
28	3	0.342332
28	4	0.399376
28	5	0.153723
28	6	0.414106
28	7	0.317035
28	8	0.397465
28	9	0.367097
28	10	0.0600655
28	11	0.236722
28	12	0.34744
28	13	0.0978791
28	14	0.188186
28	15	0.166917
28	16	0.315791
28	17	0.135182
28	18	0.430312
28	19	0.18424
28	20	0.37862
28	21	0.255551
28	22	0.435425
28	23	0.211882
28	24	0.300753
28	25	0.379063
28	26	0.393288
28	27	0.450243
28	28	1
28	29	0.493697
28	30	0.549865
28	31	0.420643
28	32	0.35933
28	33	0.221249
28	34	0.102499
28	35	0.506048
28	36	0.349581
28	37	0.0738438
28	38	0.406058
28	39	0.216777
28	40	0.0927134
28	41	0.27735
28	42	0.425293
28	43	0.215335
28	44	0.1604
28	45	0.340161
28	46	0.286135
28	47	0.116521
28	48	0.36494
28	49	0.306696
28	50	0.0700355
28	51	0.13391
