1	1	1
1	2	0.99992
1	3	0.984548
1	4	0.927907
1	5	0.798487
1	6	0.999461
1	7	0.261762
1	8	0.0353638
1	9	0.4597
1	10	0.999758
1	11	0.914909
1	12	0.0353638
1	13	0.999713
1	14	0.999943
1	15	0.999793
1	16	0.971621
1	17	0.999935
1	18	0.0353638
1	19	0.99046
1	20	0.997002
1	21	0.999988
1	22	0.938285
1	23	0.999731
1	24	0.970634
1	25	0.79264
1	26	0.735438
1	27	0.807932
1	28	0.741645
1	29	0.992098
1	30	0.991893
1	31	0.695017
1	32	0.980279
1	33	0.999597
1	34	0.856101
1	35	0.99981
1	36	0.995732
1	37	0.997773
1	38	0.992348
1	39	0.708328
1	40	0.415196
1	41	0.999928
1	42	0.99986
1	43	0.972703
1	44	0.999954
1	45	0.999844
1	46	0.999846
1	47	0.953306
1	48	0.549088
1	49	0.869655
1	50	0.912337
1	51	0.0353638
1	52	0.786343
1	53	0.956205
1	54	0.999251
1	55	0.997825
1	56	0.562216
1	57	0.845013
1	58	0.0353638
1	59	0.0353638
1	60	0.928541
1	61	0.622188
1	62	0.78678
1	63	0.999587
1	64	0.455065
1	65	0.986404
1	66	0.276938
1	67	0.999909
1	68	0.999776
1	69	0.706449
1	70	0.953408
1	71	0.585452
1	72	0.996296
1	73	0.999968
1	74	0.999513
1	75	0.999953
1	76	0.610767
1	77	0.970731
1	78	0.999992
1	79	0.995207
1	80	0.954103
1	81	0.994541
1	82	0.999683
1	83	0.998041
1	84	0.999945
1	85	0.808094
1	86	0.999695
1	87	0.782316
1	88	0.163052
1	89	0.993875
1	90	0.999999
1	91	0.999912
1	92	0.936635
1	93	0.98249
1	94	0.993077
1	95	0.999957
1	96	0.988569
1	97	0.683126
1	98	0.986809
1	99	0.998726
1	100	0.523755
2	1	0.99992
2	2	1
2	3	0.982252
2	4	0.923114
2	5	0.790803
2	6	0.998965
2	7	0.249524
2	8	0.0227108
2	9	0.448422
2	10	0.9994
2	11	0.909726
2	12	0.0227108
2	13	0.999936
2	14	0.999998
2	15	0.999455
2	16	0.968549
2	17	0.99971
2	18	0.0227108
2	19	0.988636
2	20	0.995943
2	21	0.999847
2	22	0.933832
2	23	0.999945
2	24	0.967512
2	25	0.784859
2	26	0.726802
2	27	0.800408
2	28	0.733095
2	29	0.990431
2	30	0.990205
2	31	0.68586
2	32	0.977699
2	33	0.999158
2	34	0.84949
2	35	0.999977
2	36	0.994484
2	37	0.996848
2	38	0.990705
2	39	0.699336
2	40	0.403647
2	41	1
2	42	0.999992
2	43	0.969687
2	44	0.999753
2	45	0.99954
2	46	0.999544
2	47	0.949407
2	48	0.538465
2	49	0.863336
2	50	0.907081
2	51	0.0227108
2	52	0.77846
2	53	0.952424
2	54	0.998681
2	55	0.99691
2	56	0.551703
2	57	0.838176
2	58	0.0227108
2	59	0.0227108
2	60	0.923767
2	61	0.612229
2	62	0.778904
2	63	0.999142
2	64	0.443757
2	65	0.984245
2	66	0.264753
2	67	0.999658
2	68	0.999964
2	69	0.697434
2	70	0.949513
2	71	0.575143
2	72	0.995127
2	73	0.999989
2	74	0.999038
2	75	0.999996
2	76	0.600695
2	77	0.967613
2	78	0.999963
2	79	0.993889
2	80	0.950236
2	81	0.99314
2	82	0.999921
2	83	0.99717
2	84	0.999998
2	85	0.800572
2	86	0.999928
2	87	0.774369
2	88	0.15055
2	89	0.992397
2	90	0.999901
2	91	1
2	92	0.932125
2	93	0.980053
2	94	0.991511
2	95	0.999759
2	96	0.986581
2	97	0.673827
2	98	0.984681
2	99	0.998008
2	100	0.51293
3	1	0.984548
3	2	0.982252
3	3	1
3	4	0.978854
3	5	0.89157
3	6	0.989768
3	7	0.426727
3	8	0.209823
3	9	0.608112
3	10	0.988159
3	11	0.971459
3	12	0.209823
3	13	0.980069
3	14	0.982622
3	15	0.987909
3	16	0.99803
3	17	0.986486
3	18	0.209823
3	19	0.999286
3	20	0.995146
3	21	0.985382
3	22	0.984352
3	23	0.980222
3	24	0.997762
3	25	0.887158
3	26	0.842731
3	27	0.898639
3	28	0.847651
3	29	0.998739
3	30	0.998819
3	31	0.810184
3	32	0.999738
3	33	0.989121
3	34	0.933373
3	35	0.980947
3	36	0.996508
3	37	0.994036
3	38	0.998636
3	39	0.820994
3	40	0.568088
3	41	0.982368
3	42	0.981485
3	43	0.998309
3	44	0.986179
3	45	0.987487
3	46	0.987468
3	47	0.991461
3	48	0.686959
3	49	0.942664
3	50	0.969939
3	51	0.209823
3	52	0.882377
3	53	0.992686
3	54	0.990587
3	55	0.993951
3	56	0.698347
3	57	0.925598
3	58	0.209823
3	59	0.209823
3	60	0.979201
3	61	0.749666
3	62	0.88271
3	63	0.989176
3	64	0.603966
3	65	0.99994
3	66	0.440925
3	67	0.986822
3	68	0.980617
3	69	0.819474
3	70	0.991505
3	71	0.718373
3	72	0.99596
3	73	0.983113
3	74	0.989534
3	75	0.982804
3	76	0.739987
3	77	0.997788
3	78	0.983823
3	79	0.996954
3	80	0.991803
3	81	0.997446
3	82	0.979823
3	83	0.993574
3	84	0.982665
3	85	0.898759
3	86	0.979925
3	87	0.879304
3	88	0.333304
3	89	0.997869
3	90	0.984792
3	91	0.982141
3	92	0.983506
3	93	0.999935
3	94	0.998302
3	95	0.986134
3	96	0.999696
3	97	0.800457
3	98	0.99991
3	99	0.99213
3	100	0.664837
4	1	0.927907
4	2	0.923114
4	3	0.978854
4	4	1
4	5	0.965359
4	6	0.93965
4	7	0.602703
4	8	0.405393
4	9	0.757643
4	10	0.935877
4	11	0.99944
4	12	0.405393
4	13	0.918706
4	14	0.923874
4	15	0.935305
4	16	0.98976
4	17	0.932109
4	18	0.405393
4	19	0.970429
4	20	0.95397
4	21	0.929697
4	22	0.999583
4	23	0.919012
4	24	0.990342
4	25	0.962796
4	26	0.935032
4	27	0.969375
4	28	0.938257
4	29	0.967349
4	30	0.96776
4	31	0.91296
4	32	0.983283
4	33	0.938113
4	34	0.987054
4	35	0.920462
4	36	0.958355
4	37	0.950709
4	38	0.966839
4	39	0.920424
4	40	0.724422
4	41	0.923351
4	42	0.921549
4	43	0.98909
4	44	0.931432
4	45	0.934346
4	46	0.934303
4	47	0.997171
4	48	0.821086
4	49	0.991001
4	50	0.999208
4	51	0.405393
4	52	0.959972
4	53	0.99639
4	54	0.941639
4	55	0.950466
4	56	0.829996
4	57	0.983453
4	58	0.405393
4	59	0.405393
4	60	0.999999
4	61	0.869195
4	62	0.960171
4	63	0.938243
4	64	0.754231
4	65	0.976558
4	66	0.615203
4	67	0.932856
4	68	0.9198
4	69	0.919382
4	70	0.997145
4	71	0.845486
4	72	0.956529
4	73	0.92489
4	74	0.939091
4	75	0.924248
4	76	0.861931
4	77	0.990286
4	78	0.926374
4	79	0.959917
4	80	0.996968
4	81	0.961743
4	82	0.918219
4	83	0.949411
4	84	0.923962
4	85	0.969442
4	86	0.918422
4	87	0.958134
4	88	0.519119
4	89	0.963423
4	90	0.928428
4	91	0.922886
4	92	0.999709
4	93	0.98112
4	94	0.965275
4	95	0.931334
4	96	0.973509
4	97	0.906142
4	98	0.976021
4	99	0.945536
4	100	0.803583
5	1	0.798487
5	2	0.790803
5	3	0.89157
5	4	0.965359
5	5	1
5	6	0.817826
5	7	0.790035
5	8	0.629873
5	9	0.901696
5	10	0.811526
5	11	0.973551
5	12	0.629873
5	13	0.783831
5	14	0.792014
5	15	0.810579
5	16	0.918229
5	17	0.805317
5	18	0.629873
5	19	0.873828
5	20	0.842672
5	21	0.801385
5	22	0.957422
5	23	0.784312
5	24	0.919859
5	25	0.999953
5	26	0.995156
5	27	0.999874
5	28	0.996019
5	29	0.867708
5	30	0.868514
5	31	0.987805
5	32	0.901709
5	33	0.81525
5	34	0.994711
5	35	0.786598
5	36	0.850641
5	37	0.836867
5	38	0.866709
5	39	0.990541
5	40	0.879198
5	41	0.79118
5	42	0.788318
5	43	0.91639
5	44	0.804211
5	45	0.808994
5	46	0.808922
5	47	0.943014
5	48	0.94158
5	49	0.991598
5	50	0.974977
5	51	0.629873
5	52	0.999802
5	53	0.939725
5	54	0.821186
5	55	0.836438
5	56	0.94678
5	57	0.996655
5	58	0.629873
5	59	0.629873
5	60	0.964913
5	61	0.968105
5	62	0.999816
5	63	0.815467
5	64	0.89943
5	65	0.886564
5	66	0.799597
5	67	0.806541
5	68	0.785553
5	69	0.990173
5	70	0.942901
5	71	0.955531
5	72	0.847298
5	73	0.793638
5	74	0.816888
5	75	0.792612
5	76	0.964369
5	77	0.919701
5	78	0.796017
5	79	0.853531
5	80	0.942129
5	81	0.856946
5	82	0.783065
5	83	0.834583
5	84	0.792155
5	85	0.99987
5	86	0.783383
5	87	0.999652
5	88	0.724151
5	89	0.860124
5	90	0.79933
5	91	0.79044
5	92	0.95878
5	93	0.896669
5	94	0.863673
5	95	0.80405
5	96	0.880126
5	97	0.985117
5	98	0.885412
5	99	0.827845
5	100	0.931047
6	1	0.999461
6	2	0.998965
6	3	0.989768
6	4	0.93965
6	5	0.817826
6	6	1
6	7	0.293315
6	8	0.0681637
6	9	0.488616
6	10	0.999941
6	11	0.927671
6	12	0.0681637
6	13	0.998387
6	14	0.999053
6	15	0.999922
6	16	0.978865
6	17	0.999771
6	18	0.0681637
6	19	0.994451
6	20	0.999005
6	21	0.999608
6	22	0.949137
6	23	0.99843
6	24	0.978011
6	25	0.812234
6	26	0.757293
6	27	0.826848
6	28	0.763273
6	29	0.995683
6	30	0.995531
6	31	0.718254
6	32	0.98624
6	33	0.99999
6	34	0.872611
6	35	0.99863
6	36	0.998226
6	37	0.999425
6	38	0.995867
6	39	0.731127
6	40	0.444847
6	41	0.998993
6	42	0.998773
6	43	0.979799
6	44	0.999729
6	45	0.999885
6	46	0.999883
6	47	0.96271
6	48	0.576238
6	49	0.885397
6	50	0.925291
6	51	0.0681637
6	52	0.806207
6	53	0.965302
6	54	0.999983
6	55	0.999451
6	56	0.58907
6	57	0.862118
6	58	0.0681637
6	59	0.0681637
6	60	0.940231
6	61	0.647562
6	62	0.806626
6	63	0.999992
6	64	0.484061
6	65	0.991269
6	66	0.308344
6	67	0.999813
6	68	0.998541
6	69	0.729311
6	70	0.962801
6	71	0.61176
6	72	0.998582
6	73	0.999165
6	74	0.999999
6	75	0.999095
6	76	0.63644
6	77	0.978094
6	78	0.999318
6	79	0.997882
6	80	0.963423
6	81	0.997431
6	82	0.998316
6	83	0.999557
6	84	0.999063
6	85	0.827002
6	86	0.998345
6	87	0.80235
6	88	0.195364
6	89	0.996968
6	90	0.999506
6	91	0.998938
6	92	0.947633
6	93	0.988079
6	94	0.996399
6	95	0.999723
6	96	0.992987
6	97	0.70674
6	98	0.991593
6	99	0.999845
6	100	0.551448
7	1	0.261762
7	2	0.249524
7	3	0.426727
7	4	0.602703
7	5	0.790035
7	6	0.293315
7	7	1
7	8	0.973786
7	9	0.977441
7	10	0.282912
7	11	0.629074
7	12	0.973786
7	13	0.238558
7	14	0.251443
7	15	0.281358
7	16	0.48263
7	17	0.272779
7	18	0.973786
7	19	0.392262
7	20	0.335651
7	21	0.26642
7	22	0.579411
7	23	0.239311
7	24	0.486247
7	25	0.795915
7	26	0.846476
7	27	0.780215
7	28	0.841538
7	29	0.380783
7	30	0.382284
7	31	0.875853
7	32	0.447329
7	33	0.289046
7	34	0.722884
7	35	0.242896
7	36	0.34972
7	37	0.32556
7	38	0.378927
7	39	0.866684
7	40	0.986694
7	41	0.250122
7	42	0.245602
7	43	0.47858
7	44	0.270985
7	45	0.278766
7	46	0.278649
7	47	0.541015
7	48	0.950354
7	49	0.70409
7	50	0.633979
7	51	0.973786
7	52	0.802084
7	53	0.53279
7	54	0.298916
7	55	0.32482
7	56	0.945322
7	57	0.737293
7	58	0.973786
7	59	0.973786
7	60	0.601343
7	61	0.918436
7	62	0.801661
7	63	0.289406
7	64	0.978529
7	65	0.41681
7	66	0.999876
7	67	0.274768
7	68	0.241255
7	69	0.868007
7	70	0.540731
7	71	0.935689
7	72	0.343787
7	73	0.254021
7	74	0.291759
7	75	0.252391
7	76	0.924078
7	77	0.485897
7	78	0.257811
7	79	0.354888
7	80	0.538785
7	81	0.361042
7	82	0.237361
7	83	0.321624
7	84	0.251667
7	85	0.780044
7	86	0.237859
7	87	0.805944
7	88	0.994897
7	89	0.366814
7	90	0.263114
7	91	0.248951
7	92	0.583269
7	93	0.436996
7	94	0.373317
7	95	0.270725
7	96	0.404285
7	97	0.883653
7	98	0.414552
7	99	0.310126
7	100	0.959265
8	1	0.0353638
8	2	0.0227108
8	3	0.209823
8	4	0.405393
8	5	0.629873
8	6	0.0681637
8	7	0.973786
8	8	1
8	9	0.903776
8	10	0.0573207
8	11	0.435763
8	12	1
8	13	0.0114039
8	14	0.0246921
8	15	0.0557043
8	16	0.270756
8	17	0.0467872
8	18	1
8	19	0.172743
8	20	0.112581
8	21	0.0401899
8	22	0.378828
8	23	0.0121794
8	24	0.274734
8	25	0.63734
8	26	0.703176
8	27	0.617478
8	28	0.6966
8	29	0.16047
8	30	0.162073
8	31	0.743122
8	32	0.232162
8	33	0.0637105
8	34	0.546761
8	35	0.0158734
8	36	0.127449
8	37	0.10195
8	38	0.158489
8	39	0.730491
8	40	0.923846
8	41	0.023328
8	42	0.0186633
8	43	0.266308
8	44	0.044925
8	45	0.0530073
8	46	0.0528858
8	47	0.335529
8	48	0.854659
8	49	0.524106
8	50	0.441447
8	51	1
8	52	0.645212
8	53	0.326329
8	54	0.074012
8	55	0.101172
8	56	0.846355
8	57	0.564295
8	58	1
8	59	1
8	60	0.403835
8	61	0.804381
8	62	0.64467
8	63	0.0640855
8	64	0.905994
8	65	0.199117
8	66	0.97008
8	67	0.0488524
8	68	0.0141819
8	69	0.732304
8	70	0.335211
8	71	0.830903
8	72	0.121172
8	73	0.0273557
8	74	0.0665397
8	75	0.0256714
8	76	0.812914
8	77	0.274349
8	78	0.0312748
8	79	0.132924
8	80	0.333033
8	81	0.139453
8	82	0.0101716
8	83	0.0978114
8	84	0.0249235
8	85	0.617263
8	86	0.0106843
8	87	0.650157
8	88	0.991767
8	89	0.145587
8	90	0.0367639
8	91	0.0221193
8	92	0.383212
8	93	0.220942
8	94	0.152508
8	95	0.044655
8	96	0.185637
8	97	0.754002
8	98	0.196683
8	99	0.0857439
8	100	0.869858
9	1	0.4597
9	2	0.448422
9	3	0.608112
9	4	0.757643
9	5	0.901696
9	6	0.488616
9	7	0.977441
9	8	0.903776
9	9	1
9	10	0.479108
9	11	0.779064
9	12	0.903776
9	13	0.438286
9	14	0.450192
9	15	0.477686
9	16	0.656723
9	17	0.469823
9	18	0.903776
9	19	0.577693
9	20	0.527034
9	21	0.463984
9	22	0.738482
9	23	0.438982
9	24	0.659835
9	25	0.905827
9	26	0.939833
9	27	0.894727
9	28	0.936648
9	29	0.567489
9	30	0.568826
9	31	0.958019
9	32	0.626135
9	33	0.484717
9	34	0.852514
9	35	0.442299
9	36	0.539701
9	37	0.517916
9	38	0.565836
9	39	0.952495
9	40	0.998775
9	41	0.448974
9	42	0.4448
9	43	0.653233
9	44	0.468177
9	45	0.475312
9	46	0.475205
9	47	0.706438
9	48	0.994637
9	49	0.838188
9	50	0.783014
9	51	0.903776
9	52	0.910126
9	53	0.699504
9	54	0.493723
9	55	0.517247
9	56	0.99288
9	57	0.863347
9	58	0.903776
9	59	0.903776
9	60	0.75653
9	61	0.981265
9	62	0.909832
9	63	0.485046
9	64	0.999986
9	65	0.599393
9	66	0.980648
9	67	0.471647
9	68	0.440781
9	69	0.953301
9	70	0.706199
9	71	0.9891
9	72	0.534365
9	73	0.45257
9	74	0.487195
9	75	0.451067
9	76	0.983956
9	77	0.659534
9	78	0.456063
9	79	0.544342
9	80	0.704561
9	81	0.549859
9	82	0.437178
9	83	0.514354
9	84	0.450399
9	85	0.894604
9	86	0.437639
9	87	0.912796
9	88	0.951145
9	89	0.555024
9	90	0.460944
9	91	0.447893
9	92	0.741671
9	93	0.617111
9	94	0.560833
9	95	0.467938
9	96	0.588342
9	97	0.962594
9	98	0.597404
9	99	0.503924
9	100	0.997293
10	1	0.999758
10	2	0.9994
10	3	0.988159
10	4	0.935877
10	5	0.811526
10	6	0.999941
10	7	0.282912
10	8	0.0573207
10	9	0.479108
10	10	1
10	11	0.92356
10	12	0.0573207
10	13	0.998945
10	14	0.999467
10	15	0.999999
10	16	0.976585
10	17	0.999944
10	18	0.0573207
10	19	0.993249
10	20	0.998462
10	21	0.999853
10	22	0.94566
10	23	0.99898
10	24	0.975687
10	25	0.805849
10	26	0.750153
10	27	0.820689
10	28	0.756209
10	29	0.994616
10	30	0.994446
10	31	0.710652
10	32	0.984385
10	33	0.99998
10	34	0.867253
10	35	0.99914
10	36	0.99752
10	37	0.998998
10	38	0.994822
10	39	0.723671
10	40	0.435091
10	41	0.999421
10	42	0.999252
10	43	0.977568
10	44	0.999923
10	45	0.999991
10	46	0.99999
10	47	0.959714
10	48	0.567325
10	49	0.880295
10	50	0.921116
10	51	0.0573207
10	52	0.799731
10	53	0.962407
10	54	0.99986
10	55	0.999032
10	56	0.580256
10	57	0.856562
10	58	0.0573207
10	59	0.0573207
10	60	0.936476
10	61	0.639245
10	62	0.800157
10	63	0.999977
10	64	0.474526
10	65	0.989778
10	66	0.297991
10	67	0.999964
10	68	0.999068
10	69	0.721835
10	70	0.959809
10	71	0.60313
10	72	0.997945
10	73	0.99955
10	74	0.999957
10	75	0.999498
10	76	0.628023
10	77	0.975775
10	78	0.99966
10	79	0.997116
10	80	0.960455
10	81	0.996594
10	82	0.998887
10	83	0.999175
10	84	0.999474
10	85	0.820845
10	86	0.998911
10	87	0.795818
10	88	0.184698
10	89	0.996064
10	90	0.999788
10	91	0.999379
10	92	0.944108
10	93	0.986348
10	94	0.995419
10	95	0.99992
10	96	0.991644
10	97	0.699012
10	98	0.990129
10	99	0.999594
10	100	0.542352
11	1	0.914909
11	2	0.909726
11	3	0.971459
11	4	0.99944
11	5	0.973551
11	6	0.927671
11	7	0.629074
11	8	0.435763
11	9	0.779064
11	10	0.92356
11	11	1
11	12	0.435763
11	13	0.904973
11	14	0.910547
11	15	0.922938
11	16	0.984428
11	17	0.919464
11	18	0.435763
11	19	0.961806
11	20	0.943398
11	21	0.916848
11	22	0.998057
11	23	0.905302
11	24	0.985146
11	25	0.971301
11	26	0.946376
11	27	0.977052
11	28	0.94931
11	29	0.958324
11	30	0.958787
11	31	0.926106
11	32	0.976637
11	33	0.925996
11	34	0.991869
11	35	0.906865
11	36	0.948259
11	37	0.939798
11	38	0.957749
11	39	0.932993
11	40	0.747089
11	41	0.909982
11	42	0.908038
11	43	0.983606
11	44	0.91873
11	45	0.921895
11	46	0.921848
11	47	0.994096
11	48	0.839731
11	49	0.994926
11	50	0.99998
11	51	0.435763
11	52	0.96881
11	53	0.992991
11	54	0.929845
11	55	0.93953
11	56	0.8482
11	57	0.988966
11	58	0.435763
11	59	0.435763
11	60	0.999381
11	61	0.885258
11	62	0.968985
11	63	0.926138
11	64	0.775785
11	65	0.968806
11	66	0.641245
11	67	0.920275
11	68	0.906151
11	69	0.932033
11	70	0.994059
11	71	0.862886
11	72	0.946232
11	73	0.911645
11	74	0.927062
11	75	0.910952
11	76	0.878419
11	77	0.985078
11	78	0.91325
11	79	0.949998
11	80	0.993805
11	81	0.952035
11	82	0.904447
11	83	0.938368
11	84	0.910643
11	85	0.97711
11	86	0.904666
11	87	0.967181
11	88	0.547436
11	89	0.953913
11	90	0.915474
11	91	0.90948
11	92	0.998341
11	93	0.974097
11	94	0.95599
11	95	0.918623
11	96	0.965311
11	97	0.919791
11	98	0.968188
11	99	0.934111
11	100	0.823054
12	1	0.0353638
12	2	0.0227108
12	3	0.209823
12	4	0.405393
12	5	0.629873
12	6	0.0681637
12	7	0.973786
12	8	1
12	9	0.903776
12	10	0.0573207
12	11	0.435763
12	12	1
12	13	0.0114039
12	14	0.0246921
12	15	0.0557043
12	16	0.270756
12	17	0.0467872
12	18	1
12	19	0.172743
12	20	0.112581
12	21	0.0401899
12	22	0.378828
12	23	0.0121794
12	24	0.274734
12	25	0.63734
12	26	0.703176
12	27	0.617478
12	28	0.6966
12	29	0.16047
12	30	0.162073
12	31	0.743122
12	32	0.232162
12	33	0.0637105
12	34	0.546761
12	35	0.0158734
12	36	0.127449
12	37	0.10195
12	38	0.158489
12	39	0.730491
12	40	0.923846
12	41	0.023328
12	42	0.0186633
12	43	0.266308
12	44	0.044925
12	45	0.0530073
12	46	0.0528858
12	47	0.335529
12	48	0.854659
12	49	0.524106
12	50	0.441447
12	51	1
12	52	0.645212
12	53	0.326329
12	54	0.074012
12	55	0.101172
12	56	0.846355
12	57	0.564295
12	58	1
12	59	1
12	60	0.403835
12	61	0.804381
12	62	0.64467
12	63	0.0640855
12	64	0.905994
12	65	0.199117
12	66	0.97008
12	67	0.0488524
12	68	0.0141819
12	69	0.732304
12	70	0.335211
12	71	0.830903
12	72	0.121172
12	73	0.0273557
12	74	0.0665397
12	75	0.0256714
12	76	0.812914
12	77	0.274349
12	78	0.0312748
12	79	0.132924
12	80	0.333033
12	81	0.139453
12	82	0.0101716
12	83	0.0978114
12	84	0.0249235
12	85	0.617263
12	86	0.0106843
12	87	0.650157
12	88	0.991767
12	89	0.145587
12	90	0.0367639
12	91	0.0221193
12	92	0.383212
12	93	0.220942
12	94	0.152508
12	95	0.044655
12	96	0.185637
12	97	0.754002
12	98	0.196683
12	99	0.0857439
12	100	0.869858
13	1	0.999713
13	2	0.999936
13	3	0.980069
13	4	0.918706
13	5	0.783831
13	6	0.998387
13	7	0.238558
13	8	0.0114039
13	9	0.438286
13	10	0.998945
13	11	0.904973
13	12	0.0114039
13	13	1
13	14	0.999912
13	15	0.999018
13	16	0.965673
13	17	0.999373
13	18	0.0114039
13	19	0.986873
13	20	0.994862
13	21	0.999585
13	22	0.929727
13	23	1
13	24	0.964591
13	25	0.777801
13	26	0.718988
13	27	0.793578
13	28	0.725357
13	29	0.988806
13	30	0.988563
13	31	0.677587
13	32	0.975261
13	33	0.99863
13	34	0.84347
13	35	0.99999
13	36	0.993234
13	37	0.995887
13	38	0.989104
13	39	0.691208
13	40	0.393275
13	41	0.999929
13	42	0.999974
13	43	0.966862
13	44	0.999438
13	45	0.999134
13	46	0.999139
13	47	0.945795
13	48	0.528902
13	49	0.857574
13	50	0.902263
13	51	0.0114039
13	52	0.771312
13	53	0.948916
13	54	0.998037
13	55	0.995958
13	56	0.542236
13	57	0.831955
13	58	0.0114039
13	59	0.0114039
13	60	0.919378
13	61	0.603248
13	62	0.771763
13	63	0.99861
13	64	0.433594
13	65	0.982183
13	66	0.253831
13	67	0.999298
13	68	0.999996
13	69	0.689285
13	70	0.945904
13	71	0.565856
13	72	0.993949
13	73	0.999873
13	74	0.998478
13	75	0.999898
13	76	0.591616
13	77	0.964696
13	78	0.999802
13	79	0.992578
13	80	0.946652
13	81	0.991755
13	82	0.999999
13	83	0.996256
13	84	0.999909
13	85	0.793745
13	86	1
13	87	0.767165
13	88	0.139361
13	89	0.990941
13	90	0.999678
13	91	0.999943
13	92	0.92797
13	93	0.977743
13	94	0.989977
13	95	0.999447
13	96	0.984671
13	97	0.665428
13	98	0.982646
13	99	0.99723
13	100	0.50319
14	1	0.999943
14	2	0.999998
14	3	0.982622
14	4	0.923874
14	5	0.792014
14	6	0.999053
14	7	0.251443
14	8	0.0246921
14	9	0.450192
14	10	0.999467
14	11	0.910547
14	12	0.0246921
14	13	0.999912
14	14	1
14	15	0.999518
14	16	0.96904
14	17	0.999756
14	18	0.0246921
14	19	0.988932
14	20	0.996119
14	21	0.99988
14	22	0.934539
14	23	0.999922
14	24	0.968011
14	25	0.786085
14	26	0.728162
14	27	0.801595
14	28	0.734441
14	29	0.990702
14	30	0.99048
14	31	0.687301
14	32	0.978113
14	33	0.999237
14	34	0.850534
14	35	0.999961
14	36	0.99469
14	37	0.997004
14	38	0.990973
14	39	0.700751
14	40	0.40546
14	41	0.999999
14	42	0.999982
14	43	0.97017
14	44	0.999795
14	45	0.999599
14	46	0.999602
14	47	0.950027
14	48	0.540134
14	49	0.864335
14	50	0.907914
14	51	0.0246921
14	52	0.779702
14	53	0.953026
14	54	0.998781
14	55	0.997064
14	56	0.553354
14	57	0.839255
14	58	0.0246921
14	59	0.0246921
14	60	0.924525
14	61	0.613794
14	62	0.780146
14	63	0.999223
14	64	0.445532
14	65	0.984594
14	66	0.266663
14	67	0.999708
14	68	0.999945
14	69	0.698853
14	70	0.950133
14	71	0.576764
14	72	0.995321
14	73	0.999996
14	74	0.999123
14	75	1
14	76	0.602278
14	77	0.968111
14	78	0.999978
14	79	0.994106
14	80	0.950851
14	81	0.99337
14	82	0.999895
14	83	0.997317
14	84	1
14	85	0.801759
14	86	0.999902
14	87	0.775622
14	88	0.152509
14	89	0.992639
14	90	0.999927
14	91	0.999997
14	92	0.932841
14	93	0.980445
14	94	0.991767
14	95	0.999801
14	96	0.986903
14	97	0.67529
14	98	0.985025
14	99	0.998131
14	100	0.514631
15	1	0.999793
15	2	0.999455
15	3	0.987909
15	4	0.935305
15	5	0.810579
15	6	0.999922
15	7	0.281358
15	8	0.0557043
15	9	0.477686
15	10	0.999999
15	11	0.922938
15	12	0.0557043
15	13	0.999018
15	14	0.999518
15	15	1
15	16	0.976235
15	17	0.99996
15	18	0.0557043
15	19	0.99306
15	20	0.998371
15	21	0.999879
15	22	0.945132
15	23	0.999052
15	24	0.975331
15	25	0.804889
15	26	0.749082
15	27	0.819763
15	28	0.755149
15	29	0.994447
15	30	0.994275
15	31	0.709512
15	32	0.984099
15	33	0.999968
15	34	0.866446
15	35	0.999206
15	36	0.997405
15	37	0.998924
15	38	0.994656
15	39	0.722553
15	40	0.433633
15	41	0.999475
15	42	0.999313
15	43	0.977226
15	44	0.999942
15	45	0.999996
15	46	0.999996
15	47	0.959257
15	48	0.565991
15	49	0.879526
15	50	0.920484
15	51	0.0557043
15	52	0.798758
15	53	0.961966
15	54	0.999832
15	55	0.99896
15	56	0.578937
15	57	0.855725
15	58	0.0557043
15	59	0.0557043
15	60	0.935907
15	61	0.637999
15	62	0.799185
15	63	0.999965
15	64	0.4731
15	65	0.989546
15	66	0.296445
15	67	0.999976
15	68	0.999137
15	69	0.720713
15	70	0.959353
15	71	0.601837
15	72	0.99784
15	73	0.999597
15	74	0.999941
15	75	0.999548
15	76	0.626762
15	77	0.975419
15	78	0.999701
15	79	0.996992
15	80	0.960003
15	81	0.996459
15	82	0.998962
15	83	0.999108
15	84	0.999526
15	85	0.819919
15	86	0.998985
15	87	0.794836
15	88	0.183106
15	89	0.995919
15	90	0.99982
15	91	0.999435
15	92	0.943573
15	93	0.98608
15	94	0.995263
15	95	0.999939
15	96	0.991433
15	97	0.697854
15	98	0.989901
15	99	0.999547
15	100	0.540991
16	1	0.971621
16	2	0.968549
16	3	0.99803
16	4	0.98976
16	5	0.918229
16	6	0.978865
16	7	0.48263
16	8	0.270756
16	9	0.656723
16	10	0.976585
16	11	0.984428
16	12	0.270756
16	13	0.965673
16	14	0.96904
16	15	0.976235
16	16	1
16	17	0.974262
16	18	0.270756
16	19	0.994948
16	20	0.98701
16	21	0.972752
16	22	0.993469
16	23	0.965874
16	24	0.999991
16	25	0.914364
16	26	0.874847
16	27	0.924393
16	28	0.87927
16	29	0.993621
16	30	0.993803
16	31	0.845367
16	32	0.999205
16	33	0.977942
16	34	0.954053
16	35	0.966824
16	36	0.989305
16	37	0.985236
16	38	0.993393
16	39	0.855199
16	40	0.618605
16	41	0.968702
16	42	0.967533
16	43	0.999989
16	44	0.97384
16	45	0.975647
16	46	0.97562
16	47	0.99769
16	48	0.731201
16	49	0.961747
16	50	0.983296
16	51	0.270756
16	52	0.910162
16	53	0.998305
16	54	0.980047
16	55	0.985101
16	56	0.74188
16	57	0.947523
16	58	0.270756
16	59	0.270756
16	60	0.990002
16	61	0.789714
16	62	0.910455
16	63	0.978021
16	64	0.652783
16	65	0.997284
16	66	0.496371
16	67	0.974726
16	68	0.966391
16	69	0.853818
16	70	0.997713
16	71	0.760606
16	72	0.988363
16	73	0.969694
16	74	0.978531
16	75	0.969281
16	76	0.780732
16	77	0.999993
16	78	0.970645
16	79	0.990096
16	80	0.997866
16	81	0.990999
16	82	0.965352
16	83	0.984515
16	84	0.969097
16	85	0.924498
16	86	0.965486
16	87	0.907454
16	88	0.391803
16	89	0.99181
16	90	0.971951
16	91	0.968401
16	92	0.992917
16	93	0.998679
16	94	0.99268
16	95	0.973778
16	96	0.996178
16	97	0.836488
16	98	0.997098
16	99	0.982318
16	100	0.710396
17	1	0.999935
17	2	0.99971
17	3	0.986486
17	4	0.932109
17	5	0.805317
17	6	0.999771
17	7	0.272779
17	8	0.0467872
17	9	0.469823
17	10	0.999944
17	11	0.919464
17	12	0.0467872
17	13	0.999373
17	14	0.999756
17	15	0.99996
17	16	0.974262
17	17	1
17	18	0.0467872
17	19	0.99197
17	20	0.997822
17	21	0.999978
17	22	0.942178
17	23	0.999401
17	24	0.973321
17	25	0.799559
17	26	0.743137
17	27	0.814617
17	28	0.749266
17	29	0.993468
17	30	0.993281
17	31	0.703192
17	32	0.982474
17	33	0.999856
17	34	0.861953
17	35	0.999522
17	36	0.996722
17	37	0.99847
17	38	0.993695
17	39	0.716352
17	40	0.42557
17	41	0.999724
17	42	0.999604
17	43	0.975292
17	44	0.999998
17	45	0.999981
17	46	0.999981
17	47	0.956697
17	48	0.558608
17	49	0.875242
17	50	0.916959
17	51	0.0467872
17	52	0.793354
17	53	0.959489
17	54	0.999628
17	55	0.998513
17	56	0.571634
17	57	0.851071
17	58	0.0467872
17	59	0.0467872
17	60	0.932724
17	61	0.631098
17	62	0.793786
17	63	0.99985
17	64	0.465215
17	65	0.988219
17	66	0.287906
17	67	0.999998
17	68	0.999468
17	69	0.714495
17	70	0.956795
17	71	0.594683
17	72	0.997214
17	73	0.999811
17	74	0.999804
17	75	0.999777
17	76	0.61978
17	77	0.973413
17	78	0.999879
17	79	0.99626
17	80	0.957464
17	81	0.995669
17	82	0.999329
17	83	0.998691
17	84	0.999761
17	85	0.814775
17	86	0.999348
17	87	0.789387
17	88	0.174321
17	89	0.995074
17	90	0.99995
17	91	0.999695
17	92	0.940578
17	93	0.984556
17	94	0.994355
17	95	0.999998
17	96	0.990228
17	97	0.691431
17	98	0.988596
17	99	0.999238
17	100	0.533461
18	1	0.0353638
18	2	0.0227108
18	3	0.209823
18	4	0.405393
18	5	0.629873
18	6	0.0681637
18	7	0.973786
18	8	1
18	9	0.903776
18	10	0.0573207
18	11	0.435763
18	12	1
18	13	0.0114039
18	14	0.0246921
18	15	0.0557043
18	16	0.270756
18	17	0.0467872
18	18	1
18	19	0.172743
18	20	0.112581
18	21	0.0401899
18	22	0.378828
18	23	0.0121794
18	24	0.274734
18	25	0.63734
18	26	0.703176
18	27	0.617478
18	28	0.6966
18	29	0.16047
18	30	0.162073
18	31	0.743122
18	32	0.232162
18	33	0.0637105
18	34	0.546761
18	35	0.0158734
18	36	0.127449
18	37	0.10195
18	38	0.158489
18	39	0.730491
18	40	0.923846
18	41	0.023328
18	42	0.0186633
18	43	0.266308
18	44	0.044925
18	45	0.0530073
18	46	0.0528858
18	47	0.335529
18	48	0.854659
18	49	0.524106
18	50	0.441447
18	51	1
18	52	0.645212
18	53	0.326329
18	54	0.074012
18	55	0.101172
18	56	0.846355
18	57	0.564295
18	58	1
18	59	1
18	60	0.403835
18	61	0.804381
18	62	0.64467
18	63	0.0640855
18	64	0.905994
18	65	0.199117
18	66	0.97008
18	67	0.0488524
18	68	0.0141819
18	69	0.732304
18	70	0.335211
18	71	0.830903
18	72	0.121172
18	73	0.0273557
18	74	0.0665397
18	75	0.0256714
18	76	0.812914
18	77	0.274349
18	78	0.0312748
18	79	0.132924
18	80	0.333033
18	81	0.139453
18	82	0.0101716
18	83	0.0978114
18	84	0.0249235
18	85	0.617263
18	86	0.0106843
18	87	0.650157
18	88	0.991767
18	89	0.145587
18	90	0.0367639
18	91	0.0221193
18	92	0.383212
18	93	0.220942
18	94	0.152508
18	95	0.044655
18	96	0.185637
18	97	0.754002
18	98	0.196683
18	99	0.0857439
18	100	0.869858
19	1	0.99046
19	2	0.988636
19	3	0.999286
19	4	0.970429
19	5	0.873828
19	6	0.994451
19	7	0.392262
19	8	0.172743
19	9	0.577693
19	10	0.993249
19	11	0.961806
19	12	0.172743
19	13	0.986873
19	14	0.988932
19	15	0.99306
19	16	0.994948
19	17	0.99197
19	18	0.172743
19	19	1
19	20	0.998153
19	21	0.991114
19	22	0.976994
19	23	0.986998
19	24	0.994524
19	25	0.869095
19	26	0.821796
19	27	0.881428
19	28	0.827006
19	29	0.999923
19	30	0.999941
19	31	0.787465
19	32	0.998159
19	33	0.993971
19	34	0.919151
19	35	0.987585
19	36	0.998951
19	37	0.997446
19	38	0.999896
19	39	0.798843
19	40	0.536598
19	41	0.988729
19	42	0.988019
19	43	0.995401
19	44	0.991733
19	45	0.992739
19	46	0.992724
19	47	0.985828
19	48	0.65902
19	49	0.929386
19	50	0.960055
19	51	0.172743
19	52	0.863974
19	53	0.987417
19	54	0.995051
19	55	0.99739
19	56	0.670813
19	57	0.91064
19	58	0.172743
19	59	0.172743
19	60	0.970839
19	61	0.724133
19	62	0.864331
19	63	0.994013
19	64	0.57343
19	65	0.99964
19	66	0.406709
19	67	0.99223
19	68	0.987318
19	69	0.797241
19	70	0.985885
19	71	0.691584
19	72	0.998641
19	73	0.989324
19	74	0.994278
19	75	0.989077
19	76	0.714053
19	77	0.994566
19	78	0.989888
19	79	0.999188
19	80	0.986269
19	81	0.999432
19	82	0.986673
19	83	0.99714
19	84	0.988966
19	85	0.881557
19	86	0.986756
19	87	0.860687
19	88	0.297455
19	89	0.999622
19	90	0.990652
19	91	0.988547
19	92	0.975972
19	93	0.998792
19	94	0.99979
19	95	0.991698
19	96	0.999914
19	97	0.777246
19	98	0.999703
19	99	0.996151
19	100	0.636148
20	1	0.997002
20	2	0.995943
20	3	0.995146
20	4	0.95397
20	5	0.842672
20	6	0.999005
20	7	0.335651
20	8	0.112581
20	9	0.527034
20	10	0.998462
20	11	0.943398
20	12	0.112581
20	13	0.994862
20	14	0.996119
20	15	0.998371
20	16	0.98701
20	17	0.997822
20	18	0.112581
20	19	0.998153
20	20	1
20	21	0.997364
20	22	0.962232
20	23	0.99494
20	24	0.986337
20	25	0.837436
20	26	0.78566
20	27	0.851103
20	28	0.791322
20	29	0.998832
20	30	0.998752
20	31	0.748563
20	32	0.99263
20	33	0.998796
20	34	0.893521
20	35	0.995304
20	36	0.999888
20	37	0.999943
20	38	0.998926
20	39	0.76082
20	40	0.484339
20	41	0.995998
20	42	0.995571
20	43	0.987741
20	44	0.997697
20	45	0.998213
20	46	0.998206
20	47	0.973815
20	48	0.612107
20	49	0.905243
20	50	0.941281
20	51	0.112581
20	52	0.831785
20	53	0.975985
20	54	0.99925
20	55	0.999934
20	56	0.624516
20	57	0.883854
20	58	0.112581
20	59	0.112581
20	60	0.95448
20	61	0.680895
20	62	0.832178
20	63	0.998815
20	64	0.522596
20	65	0.996162
20	66	0.350453
20	67	0.997956
20	68	0.995139
20	69	0.759092
20	70	0.973892
20	71	0.646423
20	72	0.999963
20	73	0.99635
20	74	0.998932
20	75	0.996205
20	76	0.670199
20	77	0.986403
20	78	0.996677
20	79	0.99979
20	80	0.974414
20	81	0.999633
20	82	0.994736
20	83	0.99989
20	84	0.99614
20	85	0.851247
20	86	0.994789
20	87	0.828164
20	88	0.238899
20	89	0.999446
20	90	0.99711
20	91	0.99589
20	92	0.960931
20	93	0.993961
20	94	0.999189
20	95	0.997679
20	96	0.997271
20	97	0.737582
20	98	0.996377
20	99	0.999636
20	100	0.588096
21	1	0.999988
21	2	0.999847
21	3	0.985382
21	4	0.929697
21	5	0.801385
21	6	0.999608
21	7	0.26642
21	8	0.0401899
21	9	0.463984
21	10	0.999853
21	11	0.916848
21	12	0.0401899
21	13	0.999585
21	14	0.99988
21	15	0.999879
21	16	0.972752
21	17	0.999978
21	18	0.0401899
21	19	0.991114
21	20	0.997364
21	21	1
21	22	0.939944
21	23	0.999607
21	24	0.971785
21	25	0.795575
21	26	0.738702
21	27	0.810769
21	28	0.744876
21	29	0.992692
21	30	0.992495
21	31	0.698481
21	32	0.981222
21	33	0.999723
21	34	0.858587
21	35	0.999704
21	36	0.996166
21	37	0.998083
21	38	0.992933
21	39	0.711729
21	40	0.419585
21	41	0.999858
21	42	0.999768
21	43	0.973812
21	44	0.999989
21	45	0.999918
21	46	0.999919
21	47	0.954754
21	48	0.553118
21	49	0.872029
21	50	0.914304
21	51	0.0401899
21	52	0.789317
21	53	0.957608
21	54	0.999426
21	55	0.998131
21	56	0.566203
21	57	0.847585
21	58	0.0401899
21	59	0.0401899
21	60	0.930323
21	61	0.625962
21	62	0.789752
21	63	0.999714
21	64	0.45936
21	65	0.987186
21	66	0.281575
21	67	0.999962
21	68	0.999662
21	69	0.709859
21	70	0.954854
21	71	0.589361
21	72	0.996699
21	73	0.999918
21	74	0.999652
21	75	0.999894
21	76	0.614584
21	77	0.971879
21	78	0.99996
21	79	0.995668
21	80	0.955538
21	81	0.995033
21	82	0.999549
21	83	0.998332
21	84	0.999883
21	85	0.810929
21	86	0.999564
21	87	0.785316
21	88	0.167815
21	89	0.994397
21	90	0.999994
21	91	0.999837
21	92	0.938315
21	93	0.983379
21	94	0.993633
21	95	0.99999
21	96	0.989285
21	97	0.686645
21	98	0.98758
21	99	0.998958
21	100	0.527863
22	1	0.938285
22	2	0.933832
22	3	0.984352
22	4	0.999583
22	5	0.957422
22	6	0.949137
22	7	0.579411
22	8	0.378828
22	9	0.738482
22	10	0.94566
22	11	0.998057
22	12	0.378828
22	13	0.929727
22	14	0.934539
22	15	0.945132
22	16	0.993469
22	17	0.942178
22	18	0.378828
22	19	0.976994
22	20	0.962232
22	21	0.939944
22	22	1
22	23	0.930012
22	24	0.993932
22	25	0.954592
22	26	0.924405
22	27	0.961879
22	28	0.927877
22	29	0.974264
22	30	0.974629
22	31	0.900798
22	32	0.98813
22	33	0.947722
22	34	0.982012
22	35	0.931364
22	36	0.966201
22	37	0.959266
22	38	0.97381
22	39	0.908753
22	40	0.704215
22	41	0.934052
22	42	0.932376
22	43	0.992931
22	44	0.941551
22	45	0.944246
22	46	0.944206
22	47	0.998925
22	48	0.804262
22	49	0.986723
22	50	0.997642
22	51	0.378828
22	52	0.951485
22	53	0.998426
22	54	0.950967
22	55	0.959045
22	56	0.813544
22	57	0.977812
22	58	0.378828
22	59	0.378828
22	60	0.999631
22	61	0.854555
22	62	0.951703
22	63	0.947842
22	64	0.734957
22	65	0.982366
22	66	0.592183
22	67	0.942869
22	68	0.930746
22	69	0.90764
22	70	0.99891
22	71	0.829715
22	72	0.964551
22	73	0.935484
22	74	0.948623
22	75	0.934887
22	76	0.846932
22	77	0.993888
22	78	0.936862
22	79	0.96761
22	80	0.998799
22	81	0.969253
22	82	0.929272
22	83	0.958083
22	84	0.934621
22	85	0.961954
22	86	0.929462
22	87	0.949468
22	88	0.494224
22	89	0.970759
22	90	0.938768
22	91	0.93362
22	92	0.999989
22	93	0.986295
22	94	0.972415
22	95	0.94146
22	96	0.979705
22	97	0.893551
22	98	0.981899
22	99	0.954541
22	100	0.786062
23	1	0.999731
23	2	0.999945
23	3	0.980222
23	4	0.919012
23	5	0.784312
23	6	0.99843
23	7	0.239311
23	8	0.0121794
23	9	0.438982
23	10	0.99898
23	11	0.905302
23	12	0.0121794
23	13	1
23	14	0.999922
23	15	0.999052
23	16	0.965874
23	17	0.999401
23	18	0.0121794
23	19	0.986998
23	20	0.99494
23	21	0.999607
23	22	0.930012
23	23	1
23	24	0.964795
23	25	0.778288
23	26	0.719527
23	27	0.79405
23	28	0.72589
23	29	0.988922
23	30	0.98868
23	31	0.678157
23	32	0.975432
23	33	0.99867
23	34	0.843886
23	35	0.999993
23	36	0.993324
23	37	0.995957
23	38	0.989218
23	39	0.691768
23	40	0.393988
23	41	0.999938
23	42	0.999979
23	43	0.96706
23	44	0.999463
23	45	0.999166
23	46	0.999171
23	47	0.946046
23	48	0.52956
23	49	0.857973
23	50	0.902597
23	51	0.0121794
23	52	0.771805
23	53	0.949161
23	54	0.998085
23	55	0.996027
23	56	0.542887
23	57	0.832385
23	58	0.0121794
23	59	0.0121794
23	60	0.919683
23	61	0.603867
23	62	0.772256
23	63	0.998651
23	64	0.434293
23	65	0.982328
23	66	0.254581
23	67	0.999327
23	68	0.999998
23	69	0.689847
23	70	0.946156
23	71	0.566495
23	72	0.994034
23	73	0.999885
23	74	0.99852
23	75	0.999909
23	76	0.592241
23	77	0.9649
23	78	0.999818
23	79	0.992672
23	80	0.946901
23	81	0.991854
23	82	0.999998
23	83	0.996322
23	84	0.999919
23	85	0.794216
23	86	0.999999
23	87	0.767662
23	88	0.140129
23	89	0.991045
23	90	0.999698
23	91	0.999951
23	92	0.928259
23	93	0.977906
23	94	0.990086
23	95	0.999472
23	96	0.984806
23	97	0.666007
23	98	0.98279
23	99	0.997288
23	100	0.50386
24	1	0.970634
24	2	0.967512
24	3	0.997762
24	4	0.990342
24	5	0.919859
24	6	0.978011
24	7	0.486247
24	8	0.274734
24	9	0.659835
24	10	0.975687
24	11	0.985146
24	12	0.274734
24	13	0.964591
24	14	0.968011
24	15	0.975331
24	16	0.999991
24	17	0.973321
24	18	0.274734
24	19	0.994524
24	20	0.986337
24	21	0.971785
24	22	0.993932
24	23	0.964795
24	24	1
24	25	0.91603
24	26	0.876843
24	27	0.925963
24	28	0.881232
24	29	0.993146
24	30	0.993335
24	31	0.847568
24	32	0.999032
24	33	0.97707
24	34	0.955284
24	35	0.96576
24	36	0.988694
24	37	0.984519
24	38	0.99291
24	39	0.857334
24	40	0.621848
24	41	0.967667
24	42	0.96648
24	43	0.999962
24	44	0.972892
24	45	0.974731
24	46	0.974704
24	47	0.997962
24	48	0.734015
24	49	0.962871
24	50	0.98404
24	51	0.274734
24	52	0.911867
24	53	0.998537
24	54	0.979217
24	55	0.984382
24	56	0.744646
24	57	0.948837
24	58	0.274734
24	59	0.274734
24	60	0.990577
24	61	0.792243
24	62	0.912157
24	63	0.97715
24	64	0.65591
24	65	0.996971
24	66	0.499956
24	67	0.973794
24	68	0.96532
24	69	0.855963
24	70	0.997984
24	71	0.763284
24	72	0.987725
24	73	0.968676
24	74	0.97767
24	75	0.968256
24	76	0.783309
24	77	1
24	78	0.969642
24	79	0.989507
24	80	0.998128
24	81	0.990437
24	82	0.964265
24	83	0.983782
24	84	0.968069
24	85	0.926066
24	86	0.964401
24	87	0.909183
24	88	0.395604
24	89	0.991273
24	90	0.97097
24	91	0.967362
24	92	0.9934
24	93	0.998458
24	94	0.992172
24	95	0.972829
24	96	0.995808
24	97	0.838746
24	98	0.996774
24	99	0.981536
24	100	0.7133
25	1	0.79264
25	2	0.784859
25	3	0.887158
25	4	0.962796
25	5	0.999953
25	6	0.812234
25	7	0.795915
25	8	0.63734
25	9	0.905827
25	10	0.805849
25	11	0.971301
25	12	0.63734
25	13	0.777801
25	14	0.786085
25	15	0.804889
25	16	0.914364
25	17	0.799559
25	18	0.63734
25	19	0.869095
25	20	0.837436
25	21	0.795575
25	22	0.954592
25	23	0.778288
25	24	0.91603
25	25	1
25	26	0.996059
25	27	0.999675
25	28	0.996833
25	29	0.862871
25	30	0.86369
25	31	0.989261
25	32	0.897495
25	33	0.809623
25	34	0.993673
25	35	0.780603
25	36	0.845527
25	37	0.831545
25	38	0.861855
25	39	0.991819
25	40	0.883756
25	41	0.785241
25	42	0.782344
25	43	0.912484
25	44	0.798438
25	45	0.803283
25	46	0.803211
25	47	0.939758
25	48	0.944787
25	49	0.990303
25	50	0.972786
25	51	0.63734
25	52	0.999947
25	53	0.936381
25	54	0.81564
25	55	0.83111
25	56	0.949843
25	57	0.99582
25	58	0.63734
25	59	0.63734
25	60	0.962334
25	61	0.970478
25	62	0.999954
25	63	0.809843
25	64	0.903606
25	65	0.882058
25	66	0.805356
25	67	0.800799
25	68	0.779544
25	69	0.991476
25	70	0.939643
25	71	0.958333
25	72	0.842133
25	73	0.78773
25	74	0.811284
25	75	0.786691
25	76	0.966877
25	77	0.915869
25	78	0.790139
25	79	0.848463
25	80	0.938849
25	81	0.851932
25	82	0.777026
25	83	0.829227
25	84	0.786228
25	85	0.999668
25	86	0.777349
25	87	0.99986
25	88	0.730772
25	89	0.855161
25	90	0.793493
25	91	0.784492
25	92	0.955993
25	93	0.892354
25	94	0.858768
25	95	0.798275
25	96	0.875503
25	97	0.98673
25	98	0.880885
25	99	0.822393
25	100	0.934525
26	1	0.735438
26	2	0.726802
26	3	0.842731
26	4	0.935032
26	5	0.995156
26	6	0.757293
26	7	0.846476
26	8	0.703176
26	9	0.939833
26	10	0.750153
26	11	0.946376
26	12	0.703176
26	13	0.718988
26	14	0.728162
26	15	0.749082
26	16	0.874847
26	17	0.743137
26	18	0.703176
26	19	0.821796
26	20	0.78566
26	21	0.738702
26	22	0.924405
26	23	0.719527
26	24	0.876843
26	25	0.996059
26	26	1
26	27	0.993472
26	28	0.999958
26	29	0.81464
26	30	0.815581
26	31	0.998326
26	32	0.85484
26	33	0.754371
26	34	0.979795
26	35	0.722088
26	36	0.794836
26	37	0.779
26	38	0.813475
26	39	0.999232
26	40	0.921778
26	41	0.727226
26	42	0.724015
26	43	0.872601
26	44	0.741888
26	45	0.74729
26	46	0.747209
26	47	0.905734
26	48	0.970128
26	49	0.974078
26	50	0.948401
26	51	0.703176
26	52	0.996916
26	53	0.901559
26	54	0.761109
26	55	0.778509
26	56	0.973837
26	57	0.983794
26	58	0.703176
26	59	0.703176
26	60	0.934427
26	61	0.988046
26	62	0.99686
26	63	0.754618
26	64	0.938039
26	65	0.836792
26	66	0.854761
26	67	0.744519
26	68	0.720917
26	69	0.999125
26	70	0.905591
26	71	0.979892
26	72	0.790982
26	73	0.729986
26	74	0.756229
26	75	0.728833
26	76	0.985706
26	77	0.87665
26	78	0.73266
26	79	0.798175
26	80	0.904608
26	81	0.802128
26	82	0.718131
26	83	0.776385
26	84	0.72832
26	85	0.993441
26	86	0.718488
26	87	0.997405
26	88	0.788439
26	89	0.805813
26	90	0.736387
26	91	0.726396
26	92	0.926203
26	93	0.848805
26	94	0.809938
26	95	0.741707
26	96	0.829193
26	97	0.997243
26	98	0.83543
26	99	0.76869
26	100	0.962409
27	1	0.807932
27	2	0.800408
27	3	0.898639
27	4	0.969375
27	5	0.999874
27	6	0.826848
27	7	0.780215
27	8	0.617478
27	9	0.894727
27	10	0.820689
27	11	0.977052
27	12	0.617478
27	13	0.793578
27	14	0.801595
27	15	0.819763
27	16	0.924393
27	17	0.814617
27	18	0.617478
27	19	0.881428
27	20	0.851103
27	21	0.810769
27	22	0.961879
27	23	0.79405
27	24	0.925963
27	25	0.999675
27	26	0.993472
27	27	1
27	28	0.99448
27	29	0.875481
27	30	0.876265
27	31	0.985212
27	32	0.908451
27	33	0.82433
27	34	0.996214
27	35	0.79629
27	36	0.85887
27	37	0.845441
27	38	0.874509
27	39	0.988241
27	40	0.871533
27	41	0.800778
27	42	0.797975
27	43	0.922622
27	44	0.813534
27	45	0.818213
27	46	0.818143
27	47	0.948171
27	48	0.936122
27	49	0.993524
27	50	0.978379
27	51	0.617478
27	52	0.99936
27	53	0.945028
27	54	0.830131
27	55	0.845023
27	56	0.941557
27	57	0.997826
27	58	0.617478
27	59	0.617478
27	60	0.968955
27	61	0.964011
27	62	0.999385
27	63	0.824542
27	64	0.892387
27	65	0.893787
27	66	0.789975
27	67	0.815814
27	68	0.795266
27	69	0.987831
27	70	0.948064
27	71	0.950735
27	72	0.855613
27	73	0.803185
27	74	0.825931
27	75	0.80218
27	76	0.960053
27	77	0.925811
27	78	0.805515
27	79	0.861685
27	80	0.947326
27	81	0.865011
27	82	0.792828
27	83	0.843213
27	84	0.801733
27	85	1
27	86	0.79314
27	87	0.999107
27	88	0.713124
27	89	0.868104
27	90	0.808757
27	91	0.800054
27	92	0.963165
27	93	0.903576
27	94	0.871557
27	95	0.813377
27	96	0.887543
27	97	0.982268
27	98	0.892671
27	99	0.836636
27	100	0.925144
28	1	0.741645
28	2	0.733095
28	3	0.847651
28	4	0.938257
28	5	0.996019
28	6	0.763273
28	7	0.841538
28	8	0.6966
28	9	0.936648
28	10	0.756209
28	11	0.94931
28	12	0.6966
28	13	0.725357
28	14	0.734441
28	15	0.755149
28	16	0.87927
28	17	0.749266
28	18	0.6966
28	19	0.827006
28	20	0.791322
28	21	0.744876
28	22	0.927877
28	23	0.72589
28	24	0.881232
28	25	0.996833
28	26	0.999958
28	27	0.99448
28	28	1
28	29	0.819945
28	30	0.820874
28	31	0.997751
28	32	0.859581
28	33	0.760382
28	34	0.981594
28	35	0.728426
28	36	0.800389
28	37	0.784739
28	38	0.818795
28	39	0.998829
28	40	0.91817
28	41	0.733514
28	42	0.730335
28	43	0.877061
28	44	0.74803
28	45	0.753376
28	46	0.753295
28	47	0.909598
28	48	0.967853
28	49	0.976119
28	50	0.951279
28	51	0.6966
28	52	0.997596
28	53	0.905504
28	54	0.767048
28	55	0.784254
28	56	0.971704
28	57	0.985403
28	58	0.6966
28	59	0.6966
28	60	0.937666
28	61	0.986585
28	62	0.997547
28	63	0.760626
28	64	0.934809
28	65	0.841798
28	66	0.849946
28	67	0.750633
28	68	0.727266
28	69	0.998697
28	70	0.909457
28	71	0.978014
28	72	0.796581
28	73	0.736247
28	74	0.762221
28	75	0.735106
